23.307542013332498
23.307542013332498
21.97624654662728
21.97624654662728
20.01968908919558
20.01968908919558
18.609544869882747
18.609544869882747
17.710564798487525
17.710564798487525
19.10299546116465
19.10299546116465
18.019778564659088
18.019778564659088
17.804090409396483
17.804090409396483
17.750374053179915
17.750374053179915
18.51914463799448
18.51914463799448
17.312945120795746
17.312945120795746
17.248725914169817
17.248725914169817
16.42288166438492
16.42288166438492
16.500606279782875
16.500606279782875
16.6323299210659
16.6323299210659
16.78992467959732
16.78992467959732
16.82955248469186
16.82955248469186
15.897948860710594
15.897948860710594
16.19512513215724
16.19512513215724
15.502520389576445
15.502520389576445
16.044305097583727
16.044305097583727
15.990518341081168
15.990518341081168
17.04686058149586
17.04686058149586
18.066664750038196
18.066664750038196
18.01823919970763
18.01823919970763
16.121740443556945
16.121740443556945
16.032757521313552
16.032757521313552
16.02791554024618
16.02791554024618
16.006129195853397
16.006129195853397
15.906573062751187
15.906573062751187
15.204169458702639
15.204169458702639
15.927103692629323
15.927103692629323
14.6325484057634
14.6325484057634
14.823326351828253
14.823326351828253
14.9238525184131
14.9238525184131
13.822789715288106
13.822789715288106
13.3446735247839
13.3446735247839
13.23290819752768
13.23290819752768
13.211961044337393
13.211961044337393
12.960941460918773
12.960941460918773
12.77545880103978
12.77545880103978
12.574367068596038
12.574367068596038
14.331645914962786
14.331645914962786
14.226758770761554
14.226758770761554
14.730683671846279
14.730683671846279
14.410763016906202
14.410763016906202
14.290407186145735
14.290407186145735
13.749393681085408
13.749393681085408
14.609416733893651
14.609416733893651
14.539236948255992
14.539236948255992
14.415369518130596
14.415369518130596
15.3240928845265
15.3240928845265
15.76752440004122
15.76752440004122
15.793480998780165
15.793480998780165
16.165586974635094
16.165586974635094
17.153598641308356
17.153598641308356
14.690758357828296
14.690758357828296
14.153141588150836
14.153141588150836
15.14532133262382
15.14532133262382
14.465602956468242
14.465602956468242
15.165468475032089
15.165468475032089
14.961166760254029
14.961166760254029
16.15059498830988
16.15059498830988
15.340661119176502
15.340661119176502
15.685064722396577
15.685064722396577
15.730810940287308
15.730810940287308
16.32665018611654
16.32665018611654
17.12691630136557
17.12691630136557
15.859268400270107
15.859268400270107
16.31622802644505
16.31622802644505
16.36961088167861
16.36961088167861
15.513632759101226
15.513632759101226
14.742918228169554
14.742918228169554
13.549214707060772
13.549214707060772
12.830684638947567
12.830684638947567
13.191591850788752
13.191591850788752
14.783378950399175
14.783378950399175
14.988322560699768
14.988322560699768
15.85062767756057
15.85062767756057
15.32815505356094
15.32815505356094
16.81325817046939
16.81325817046939
16.290620926643427
16.290620926643427
16.4076725694122
16.4076725694122
14.926145252962593
14.926145252962593
17.5171407954453
17.5171407954453
16.328441630939405
16.328441630939405
17.722733657591956
17.722733657591956
18.539001058952614
18.539001058952614
16.983366184034594
16.983366184034594
17.868564396010438
17.868564396010438
18.060495873343942
18.060495873343942
16.948159449065212
16.948159449065212
16.957551908563868
16.957551908563868
19.080379924101663
19.080379924101663
18.221054708722725
18.221054708722725
18.31866496029525
18.31866496029525
21.748868541807855
21.748868541807855
20.705831572810403
20.705831572810403
19.82019444666969
19.82019444666969
19.955337787652606
19.955337787652606
19.716432515407103
19.716432515407103
20.785725482075353
20.785725482075353
20.15071622595176
20.15071622595176
20.1498617328032
20.1498617328032
19.759467952427137
19.759467952427137
17.4832427349242
17.4832427349242
17.604582982884985
17.604582982884985
17.119904995329694
17.119904995329694
17.94474460389645
17.94474460389645
17.768991551359235
17.768991551359235
18.616895048650914
18.616895048650914
18.955406361747308
18.955406361747308
20.374773387207746
20.374773387207746
21.743860428676275
21.743860428676275
19.408587771351137
19.408587771351137
19.12404427561797
19.12404427561797
18.246335618220357
18.246335618220357
18.348106650033717
18.348106650033717
18.493415677484773
18.493415677484773
19.37965419440632
19.37965419440632
17.395545130192694
17.395545130192694
17.433038799546612
17.433038799546612
17.54205354343641
17.54205354343641
17.68971259860996
17.68971259860996
17.506462799371302
17.506462799371302
18.260903835892684
18.260903835892684
17.845530663655943
17.845530663655943
19.488601984980246
19.488601984980246
19.060906746690783
19.060906746690783
17.971601993670735
17.971601993670735
16.75523658672219
16.75523658672219
18.034766116135852
18.034766116135852
18.743929996077817
18.743929996077817
20.05192387629377
20.05192387629377
22.72259921671502
22.72259921671502
24.834783184874794
24.834783184874794
24.435743470755252
24.435743470755252
25.19772186476701
25.19772186476701
24.859683365502057
24.859683365502057
22.746585117371026
22.746585117371026
21.642795074690156
21.642795074690156
22.456413405523875
22.456413405523875
23.42045160032611
23.42045160032611
21.813254888572793
21.813254888572793
20.94075624735838
20.94075624735838
21.657312119515147
21.657312119515147
21.494815557952446
21.494815557952446
19.542230703518346
19.542230703518346
18.83605187591476
18.83605187591476
18.743648556685564
18.743648556685564
19.330141280132153
19.330141280132153
19.989360175632083
19.989360175632083
17.804406165239758
17.804406165239758
16.191734954990515
16.191734954990515
16.714341675604395
16.714341675604395
15.814646105675383
15.814646105675383
16.605080621721932
16.605080621721932
15.750738396601925
15.750738396601925
15.699356231222472
15.699356231222472
14.464179915554396
14.464179915554396
14.456076754515127
14.456076754515127
14.577551143950858
14.577551143950858
14.171478105153648
14.171478105153648
14.387990206143066
14.387990206143066
12.980869098119271
12.980869098119271
13.1890184497963
13.1890184497963
13.183282378252233
13.183282378252233
14.404549711968219
14.404549711968219
14.86422370072545
14.86422370072545
15.180974497776987
15.180974497776987
15.215421223273989
15.215421223273989
16.16177085020158
16.16177085020158
15.01459973911653
15.01459973911653
15.358419058054212
15.358419058054212
15.391488271186455
15.391488271186455
15.053269368939691
15.053269368939691
13.639084718997045
13.639084718997045
12.635650194127255
12.635650194127255
12.520837425033314
12.520837425033314
14.224354804909689
14.224354804909689
14.649721239717483
14.649721239717483
15.055995435179227
15.055995435179227
16.660998770036553
16.660998770036553
16.628876655535073
16.628876655535073
16.53269700595709
16.53269700595709
17.38382293460333
17.38382293460333
17.32064703312639
17.32064703312639
17.280865862076265
17.280865862076265
16.5484141482329
16.5484141482329
15.960520227853316
15.960520227853316
14.57193657246578
14.57193657246578
16.041673775487105
16.041673775487105
16.709748584698385
16.709748584698385
18.52594564917997
18.52594564917997
16.92260658231789
16.92260658231789
19.34987916709133
19.34987916709133
20.687896516475814
20.687896516475814
21.995137907214833
21.995137907214833
21.857274029769318
21.857274029769318
22.370509301284976
22.370509301284976
21.532987144535678
21.532987144535678
19.769049143961503
19.769049143961503
20.66515056438022
20.66515056438022
22.10603479772698
22.10603479772698
20.969928183079052
20.969928183079052
21.488833329217094
21.488833329217094
21.709777006325982
21.709777006325982
22.745934401403773
22.745934401403773
22.568541348532918
22.568541348532918
23.412990716951406
23.412990716951406
22.952823377499826
22.952823377499826
20.535639454648177
20.535639454648177
19.209313021676078
19.209313021676078
18.55714294014996
18.55714294014996
17.449379090808215
17.449379090808215
15.821622824596409
15.821622824596409
16.27488345766593
16.27488345766593
15.13781501834801
15.13781501834801
15.184118022995804
15.184118022995804
14.50347612702791
14.50347612702791
13.916498142600265
13.916498142600265
13.353612106514701
13.353612106514701
12.508971886821024
12.508971886821024
13.412121549447722
13.412121549447722
12.85864034171151
12.85864034171151
11.96264015680492
11.96264015680492
13.31475625969756
13.31475625969756
14.279527381434937
14.279527381434937
11.316487994183126
11.316487994183126
12.021182789963953
12.021182789963953
12.30055064656701
12.30055064656701
11.81829083573248
11.81829083573248
10.820731441843757
10.820731441843757
10.708726480396649
10.708726480396649
10.296331605540232
10.296331605540232
9.533877890539209
9.533877890539209
9.884243886737368
9.884243886737368
10.780792982584378
10.780792982584378
10.098788389213158
10.098788389213158
10.229759862679925
10.229759862679925
12.300365103804953
12.300365103804953
12.70253251176748
12.70253251176748
13.268673274040761
13.268673274040761
13.459951314081632
13.459951314081632
13.219879052385497
13.219879052385497
12.735355443717438
12.735355443717438
15.313765795461476
15.313765795461476
14.21866685364689
14.21866685364689
14.270387719837874
14.270387719837874
16.28766308811196
16.28766308811196
16.411119847191152
16.411119847191152
16.291773025984455
16.291773025984455
17.086008359798303
17.086008359798303
16.330471160611445
16.330471160611445
15.136293211130782
15.136293211130782
15.584384241282761
15.584384241282761
17.051082508067875
17.051082508067875
15.619552883252345
15.619552883252345
17.24176690803129
17.24176690803129
17.358464064396536
17.358464064396536
17.334027270911402
17.334027270911402
17.63685088107281
17.63685088107281
17.243324798009112
17.243324798009112
16.68372852008046
16.68372852008046
16.54788973924264
16.54788973924264
15.215958909896166
15.215958909896166
14.593679529893526
14.593679529893526
13.856048498057016
13.856048498057016
14.165204955213902
14.165204955213902
14.979536864267622
14.979536864267622
14.93012553802292
14.93012553802292
17.681065024267983
17.681065024267983
15.953924760199854
15.953924760199854
15.883601711162626
15.883601711162626
15.945241847340732
15.945241847340732
16.045664773876048
16.045664773876048
17.744308991658958
17.744308991658958
18.558922871865622
18.558922871865622
18.382685183709054
18.382685183709054
18.16882505820078
18.16882505820078
19.59360193286881
19.59360193286881
19.565580219146206
19.565580219146206
18.70682179791028
18.70682179791028
19.816022500631274
19.816022500631274
20.030163054202085
20.030163054202085
21.567782879983298
21.567782879983298
21.537663447633637
21.537663447633637
21.339984697374334
21.339984697374334
20.660131817068375
20.660131817068375
19.995669055307538
19.995669055307538
19.516535961453698
19.516535961453698
19.318569695143225
19.318569695143225
16.913637196057348
16.913637196057348
16.65683889673468
16.65683889673468
17.63152637481522
17.63152637481522
18.440460876392724
18.440460876392724
16.71886190802913
16.71886190802913
15.906331811578498
15.906331811578498
16.309562085219294
16.309562085219294
14.21557174389881
14.21557174389881
14.957775888858528
14.957775888858528
12.81838799203718
12.81838799203718
13.729674637802578
13.729674637802578
12.818513353822077
12.818513353822077
11.165974445957483
11.165974445957483
12.051052886258384
12.051052886258384
12.144346709468756
12.144346709468756
13.515473759851243
13.515473759851243
13.153101230497855
13.153101230497855
14.44415682907702
14.44415682907702
14.436748205440313
14.436748205440313
15.382169609882943
15.382169609882943
14.289768798526858
14.289768798526858
14.355693735556327
14.355693735556327
14.506729526205548
14.506729526205548
14.067236388116989
14.067236388116989
16.6700433805064
16.6700433805064
16.52354309385244
16.52354309385244
15.025045466340448
15.025045466340448
15.59747469612274
15.59747469612274
16.65525113769225
16.65525113769225
16.33050642067603
16.33050642067603
15.469240273771527
15.469240273771527
14.613123406705258
14.613123406705258
13.738025903306779
13.738025903306779
14.795135494055
14.795135494055
15.110671525085424
15.110671525085424
16.10958607375053
16.10958607375053
16.70221579832477
16.70221579832477
15.633948408859784
15.633948408859784
15.468843003131976
15.468843003131976
15.267484914859688
15.267484914859688
15.105006407798761
15.105006407798761
14.823358538972608
14.823358538972608
13.077999164761847
13.077999164761847
12.416244324634544
12.416244324634544
11.330028606015741
11.330028606015741
11.278787273460766
11.278787273460766
9.597636137023436
9.597636137023436
9.801373583174058
9.801373583174058
11.266953058386074
11.266953058386074
11.342949609487444
11.342949609487444
11.594740670303178
11.594740670303178
12.302149618493841
12.302149618493841
12.977281789991252
12.977281789991252
14.344861710132733
14.344861710132733
15.567584513941108
15.567584513941108
15.083680721539737
15.083680721539737
15.523089467403288
15.523089467403288
13.850829805515277
13.850829805515277
11.54441233468081
11.54441233468081
10.490510386219277
10.490510386219277
10.710198717797255
10.710198717797255
10.399975243868342
10.399975243868342
10.07740681379141
10.07740681379141
11.173540422390491
11.173540422390491
14.203868973640382
14.203868973640382
13.656792364864264
13.656792364864264
13.76075964464742
13.76075964464742
14.28857905614852
14.28857905614852
13.884225338904441
13.884225338904441
13.280406321998779
13.280406321998779
13.492177846186019
13.492177846186019
13.262581464639915
13.262581464639915
11.733471222870241
11.733471222870241
13.573296567443961
13.573296567443961
12.949462498692116
12.949462498692116
12.325153166534397
12.325153166534397
12.903863989471485
12.903863989471485
12.356549521923943
12.356549521923943
12.005274309163056
12.005274309163056
12.9697315082851
12.9697315082851
13.79952054837724
13.79952054837724
13.504094735358468
13.504094735358468
14.46031675480568
14.46031675480568
14.196725099123015
14.196725099123015
13.02387760636401
13.02387760636401
14.953060141383228
14.953060141383228
14.686624543372275
14.686624543372275
15.694431985306284
15.694431985306284
16.50392710935905
16.50392710935905
16.61804689620675
16.61804689620675
16.343121847635896
16.343121847635896
15.754227077022826
15.754227077022826
16.702715039393464
16.702715039393464
14.76122693064779
14.76122693064779
13.777784190526416
13.777784190526416
13.247310351380882
13.247310351380882
12.566421624554838
12.566421624554838
11.94428852814146
11.94428852814146
11.297330645527717
11.297330645527717
11.263238357293323
11.263238357293323
13.063460969810832
13.063460969810832
12.449452117754912
12.449452117754912
13.00847529556308
13.00847529556308
12.590245408447956
12.590245408447956
12.666423893154624
12.666423893154624
12.816204834354354
12.816204834354354
12.258978441486054
12.258978441486054
12.50086558529907
12.50086558529907
12.471747881001084
12.471747881001084
13.860677757252414
13.860677757252414
12.863048519688899
12.863048519688899
13.52759550514325
13.52759550514325
15.39073455881199
15.39073455881199
16.113751075658453
16.113751075658453
15.082956404294556
15.082956404294556
15.40898530775331
15.40898530775331
14.00698258649526
14.00698258649526
12.709229614292514
12.709229614292514
12.94546629914563
12.94546629914563
11.855997709631742
11.855997709631742
11.205510533115218
11.205510533115218
11.638375745211956
11.638375745211956
12.13937390285182
12.13937390285182
12.501187572403028
12.501187572403028
12.21431005909597
12.21431005909597
11.366458454337895
11.366458454337895
11.569018293206856
11.569018293206856
11.62260684553259
11.62260684553259
12.264352414392356
12.264352414392356
11.390035957166681
11.390035957166681
10.82351761867346
10.82351761867346
9.907777258654445
9.907777258654445
9.129715822518012
9.129715822518012
9.220923149867602
9.220923149867602
9.581698644682483
9.581698644682483
10.244217513144694
10.244217513144694
11.44184335098612
11.44184335098612
12.962890432171383
12.962890432171383
13.088516821955205
13.088516821955205
13.554928609926955
13.554928609926955
14.198031894767475
14.198031894767475
12.577089959267756
12.577089959267756
13.200718567022427
13.200718567022427
11.029313585604006
11.029313585604006
11.093802602330584
11.093802602330584
11.197309927801301
11.197309927801301
10.787147612028392
10.787147612028392
10.188281844580795
10.188281844580795
10.736657312736341
10.736657312736341
10.1630310141964
10.1630310141964
9.631686601680272
9.631686601680272
10.086830002426936
10.086830002426936
11.948774792093477
11.948774792093477
13.561063773938912
13.561063773938912
13.02870358797109
13.02870358797109
14.323213075158668
14.323213075158668
14.086997013635072
14.086997013635072
13.719259576971975
13.719259576971975
13.21831940841665
13.21831940841665
12.176127309640199
12.176127309640199
13.824235997298677
13.824235997298677
13.859197795939176
13.859197795939176
14.21164101227407
14.21164101227407
14.77546943152623
14.77546943152623
13.10612718245021
13.10612718245021
12.067649912029427
12.067649912029427
13.490780071744414
13.490780071744414
14.26553370869482
14.26553370869482
14.568934501382635
14.568934501382635
14.246599139611885
14.246599139611885
15.39599679794284
15.39599679794284
14.977450295250579
14.977450295250579
14.744601399405134
14.744601399405134
15.062552604182402
15.062552604182402
14.323569509902008
14.323569509902008
14.248418474346572
14.248418474346572
15.684283304064017
15.684283304064017
14.246628192731643
14.246628192731643
13.88813967086278
13.88813967086278
14.295469146625027
14.295469146625027
12.728545807432797
12.728545807432797
12.838168395117236
12.838168395117236
13.830648826837306
13.830648826837306
12.729992672252953
12.729992672252953
12.552654585440225
12.552654585440225
13.492859632136772
13.492859632136772
15.113548205857528
15.113548205857528
16.49122401081975
16.49122401081975
16.520523561228334
16.520523561228334
14.509925047052956
14.509925047052956
14.683744681131257
14.683744681131257
14.933123913238173
14.933123913238173
16.129498479536313
16.129498479536313
16.01370442335395
16.01370442335395
14.778463941359433
14.778463941359433
16.19624046418767
16.19624046418767
17.300984711387148
17.300984711387148
19.234857213838318
19.234857213838318
20.374755691099505
20.374755691099505
18.984198471545444
18.984198471545444
19.625963587504174
19.625963587504174
20.722219628712885
20.722219628712885
19.889979625181184
19.889979625181184
18.656173824590248
18.656173824590248
17.704185342314812
17.704185342314812
17.412427674899234
17.412427674899234
16.648614335794676
16.648614335794676
15.171675093826073
15.171675093826073
14.313260887147177
14.313260887147177
14.850253750789948
14.850253750789948
16.359624567445305
16.359624567445305
16.887405041337292
16.887405041337292
16.201320957215476
16.201320957215476
15.322901177529959
15.322901177529959
13.270999566402098
13.270999566402098
14.267290554824225
14.267290554824225
14.924811668905846
14.924811668905846
14.595226597495099
14.595226597495099
14.413679501010183
14.413679501010183
14.041304391119967
14.041304391119967
13.348416964589006
13.348416964589006
13.753729485083168
13.753729485083168
13.792148265896802
13.792148265896802
12.271544319422272
12.271544319422272
13.077841242730662
13.077841242730662
13.01453096271578
13.01453096271578
14.954955821734387
14.954955821734387
17.26777046310287
17.26777046310287
17.166008440895137
17.166008440895137
18.977929042903412
18.977929042903412
19.246854997987278
19.246854997987278
20.230958197092278
20.230958197092278
19.31961383090588
19.31961383090588
17.88153865243496
17.88153865243496
16.255749277206814
16.255749277206814
16.378796312455236
16.378796312455236
15.895362055691598
15.895362055691598
18.745286936653812
18.745286936653812
16.779982632356223
16.779982632356223
15.06760521549455
15.06760521549455
13.862530234601675
13.862530234601675
12.668291044274024
12.668291044274024
12.755620707572925
12.755620707572925
12.067684826096698
12.067684826096698
11.717465460110928
11.717465460110928
12.885129874014728
12.885129874014728
12.672088851719224
12.672088851719224
12.826026643971936
12.826026643971936
13.561169740142798
13.561169740142798
13.504392837439164
13.504392837439164
14.980813645915578
14.980813645915578
13.694857115282504
13.694857115282504
14.372152564957252
14.372152564957252
14.446125373087714
14.446125373087714
13.21832677938634
13.21832677938634
15.484439888364289
15.484439888364289
16.039205847470296
16.039205847470296
15.28498369522973
15.28498369522973
15.113235523045823
15.113235523045823
16.818182640118803
16.818182640118803
17.281901229972082
17.281901229972082
18.619187656604062
18.619187656604062
19.0183677765056
19.0183677765056
19.305723304698017
19.305723304698017
21.055294007760985
21.055294007760985
20.973838586445122
20.973838586445122
20.174788613664692
20.174788613664692
19.39592853677615
19.39592853677615
16.647655263434963
16.647655263434963
17.61643785643067
17.61643785643067
17.766329711657885
17.766329711657885
18.80008437388554
18.80008437388554
18.52481990814261
18.52481990814261
16.897552974476888
16.897552974476888
15.438183888418065
15.438183888418065
15.326370756812935
15.326370756812935
16.085897706309034
16.085897706309034
17.756048828082715
17.756048828082715
17.062833806924225
17.062833806924225
15.64179238925437
15.64179238925437
15.789563075926191
15.789563075926191
14.268263726846948
14.268263726846948
14.698776312597344
14.698776312597344
14.625011121211111
14.625011121211111
12.563846727177353
12.563846727177353
13.990935421309274
13.990935421309274
14.851618160702422
14.851618160702422
14.882928344888091
14.882928344888091
13.875889753102175
13.875889753102175
14.186481217709845
14.186481217709845
14.233865679417361
14.233865679417361
15.329555728047904
15.329555728047904
15.5505082535401
15.5505082535401
15.120290909874482
15.120290909874482
15.58140056231502
15.58140056231502
15.843561666672617
15.843561666672617
17.016595928925216
17.016595928925216
16.820806458952536
16.820806458952536
17.211337377797744
17.211337377797744
16.131211975503412
16.131211975503412
16.248619129544753
16.248619129544753
15.708118998024391
15.708118998024391
17.48806074267544
17.48806074267544
20.123398544112383
20.123398544112383
20.520688235251104
20.520688235251104
21.023328572323482
21.023328572323482
20.822373559734626
20.822373559734626
20.93560507125216
20.93560507125216
22.97962212983448
22.97962212983448
21.700688182667626
21.700688182667626
21.529658614171076
21.529658614171076
21.111702532840084
21.111702532840084
21.401701411964392
21.401701411964392
19.253322316826747
19.253322316826747
19.04652884887431
19.04652884887431
19.60054081882965
19.60054081882965
19.473826405052712
19.473826405052712
20.29047620673272
20.29047620673272
20.47602249717219
20.47602249717219
20.772964353242976
20.772964353242976
20.937007478851278
20.937007478851278
20.74412493543151
20.74412493543151
19.344702336292393
19.344702336292393
18.84203640658267
18.84203640658267
17.706027244113233
17.706027244113233
19.0101782123666
19.0101782123666
16.39700058092369
16.39700058092369
16.792341191757103
16.792341191757103
17.379345400145784
17.379345400145784
16.998039748720387
16.998039748720387
16.50316150881807
16.50316150881807
18.739788292811113
18.739788292811113
19.635480359344573
19.635480359344573
17.402282316936518
17.402282316936518
17.483402743746364
17.483402743746364
17.64140769939718
17.64140769939718
17.295059400741746
17.295059400741746
17.894830287174152
17.894830287174152
16.58400619424563
16.58400619424563
16.943269240883836
16.943269240883836
17.122549463972337
17.122549463972337
18.4169176882731
18.4169176882731
18.36401910826697
18.36401910826697
17.303996382011118
17.303996382011118
17.902263713104748
17.902263713104748
18.166826016131736
18.166826016131736
19.44498676167238
19.44498676167238
19.701801188057253
19.701801188057253
21.852921912837527
21.852921912837527
21.322282253792128
21.322282253792128
19.77709759268555
19.77709759268555
19.33825165330317
19.33825165330317
18.7701735808178
18.7701735808178
20.34250443751343
20.34250443751343
20.27970773527552
20.27970773527552
20.635690696510835
20.635690696510835
20.674516463637847
20.674516463637847
21.147379621282894
21.147379621282894
20.302503036574073
20.302503036574073
21.625707482553437
21.625707482553437
23.654451806766055
23.654451806766055
21.96528804659414
21.96528804659414
20.5741589809096
20.5741589809096
21.318057635812814
21.318057635812814
20.93380377023435
20.93380377023435
21.346088674751723
21.346088674751723
21.74447496693515
21.74447496693515
20.974988295688185
20.974988295688185
21.982357399593187
21.982357399593187
23.103021591726108
23.103021591726108
23.62776784273247
23.62776784273247
22.545010691408848
22.545010691408848
22.978870585604994
22.978870585604994
22.936330227908492
22.936330227908492
22.047459039616577
22.047459039616577
21.240122105564133
21.240122105564133
21.635549066698328
21.635549066698328
21.910504890071426
21.910504890071426
24.003539286973858
24.003539286973858
23.536095551500377
23.536095551500377
23.46792439655079
23.46792439655079
23.760513204310506
23.760513204310506
22.61978657426464
22.61978657426464
22.074712257639153
22.074712257639153
23.750248430703348
23.750248430703348
25.28842542701348
25.28842542701348
27.8969933049159
27.8969933049159
26.26077345049868
26.26077345049868
23.790110363556348
23.790110363556348
23.479380731302463
23.479380731302463
22.991491160156457
22.991491160156457
22.228538884259812
22.228538884259812
22.505312343434824
22.505312343434824
19.891561548385543
19.891561548385543
19.90046270709964
19.90046270709964
19.277631744329643
19.277631744329643
19.95407318030943
19.95407318030943
18.941878358915364
18.941878358915364
19.738854601937057
19.738854601937057
21.830224036662354
21.830224036662354
19.817433700388506
19.817433700388506
16.70126818493977
16.70126818493977
15.166397647069005
15.166397647069005
13.735977417127069
13.735977417127069
12.961072129811738
12.961072129811738
13.290720163251757
13.290720163251757
12.023755624177351
12.023755624177351
12.466014165905134
12.466014165905134
13.405630266966131
13.405630266966131
14.159055667882917
14.159055667882917
12.745347876332977
12.745347876332977
12.570518851312276
12.570518851312276
13.244724819463974
13.244724819463974
12.219195156801769
12.219195156801769
12.231400203428311
12.231400203428311
12.711273242916759
12.711273242916759
11.09523259877905
11.09523259877905
10.51400515404952
10.51400515404952
9.622425229463914
9.622425229463914
9.215901748814034
9.215901748814034
9.049810861083353
9.049810861083353
8.843929053260576
8.843929053260576
10.041008226687305
10.041008226687305
9.932691489930948
9.932691489930948
11.26097794512993
11.26097794512993
12.094952502353308
12.094952502353308
10.986085552421518
10.986085552421518
14.213414207501867
14.213414207501867
14.73202835045824
14.73202835045824
15.890608047887287
15.890608047887287
15.146555716202185
15.146555716202185
16.313041701737884
16.313041701737884
15.291103641549023
15.291103641549023
17.058244960576133
17.058244960576133
17.627376277815806
17.627376277815806
16.515274238972715
16.515274238972715
16.64887331286691
16.64887331286691
16.051482610850407
16.051482610850407
15.910867903213298
15.910867903213298
15.42838770989949
15.42838770989949
15.570334964143544
15.570334964143544
15.202413643254369
15.202413643254369
15.792776247630552
15.792776247630552
14.786693267687001
14.786693267687001
14.950708950510547
14.950708950510547
14.05901732425744
14.05901732425744
14.257542819265721
14.257542819265721
13.891699623430691
13.891699623430691
14.881567967010007
14.881567967010007
14.430572759674368
14.430572759674368
14.580032510522434
14.580032510522434
14.536276423732518
14.536276423732518
15.036743843436557
15.036743843436557
14.868490519841705
14.868490519841705
14.201945887216487
14.201945887216487
14.175388058118553
14.175388058118553
14.679450327931045
14.679450327931045
14.399288414408934
14.399288414408934
12.798603089770678
12.798603089770678
13.474505065247246
13.474505065247246
14.337631080416399
14.337631080416399
14.30763686279365
14.30763686279365
14.9989839343996
14.9989839343996
13.767805290210458
13.767805290210458
13.892523522795726
13.892523522795726
13.46581398639734
13.46581398639734
14.930483494573984
14.930483494573984
15.31829432212831
15.31829432212831
16.046168709446757
16.046168709446757
15.606505965015355
15.606505965015355
16.588834795982784
16.588834795982784
17.18370556655705
17.18370556655705
16.18746380741997
16.18746380741997
14.9974417011104
14.9974417011104
14.300384677598975
14.300384677598975
13.675031733133025
13.675031733133025
15.736864133218566
15.736864133218566
13.762753495355387
13.762753495355387
14.748167611601172
14.748167611601172
15.553448710193946
15.553448710193946
16.74694036584262
16.74694036584262
16.401223218722645
16.401223218722645
16.96993644534568
16.96993644534568
16.565598792855628
16.565598792855628
15.030042770439689
15.030042770439689
15.10429131581516
15.10429131581516
14.687481640096705
14.687481640096705
13.733739311392807
13.733739311392807
12.293055752263902
12.293055752263902
11.825595089619515
11.825595089619515
11.831115965200503
11.831115965200503
13.558611857281997
13.558611857281997
13.824446157834815
13.824446157834815
12.817723320251286
12.817723320251286
13.441833273004073
13.441833273004073
13.874180587216033
13.874180587216033
13.058808417585357
13.058808417585357
12.220836263119065
12.220836263119065
13.934927992453096
13.934927992453096
13.657637895252854
13.657637895252854
14.982197203170102
14.982197203170102
14.312768725226455
14.312768725226455
14.1913603290443
14.1913603290443
15.47698465578005
15.47698465578005
14.30681562163214
14.30681562163214
12.0602157153193
12.0602157153193
12.963798597761487
12.963798597761487
11.001733229149544
11.001733229149544
11.790926040491295
11.790926040491295
12.744442283116511
12.744442283116511
11.846116189490559
11.846116189490559
11.275266698431864
11.275266698431864
12.82171980705008
12.82171980705008
12.564209048246374
12.564209048246374
14.389705196103163
14.389705196103163
15.705588549676119
15.705588549676119
16.16072130841264
16.16072130841264
18.046662706293507
18.046662706293507
17.047561736548538
17.047561736548538
17.298218008831924
17.298218008831924
15.979859651550044
15.979859651550044
14.929367212349284
14.929367212349284
14.912887667501362
14.912887667501362
15.600291341435035
15.600291341435035
15.705237451286232
15.705237451286232
13.830186700130431
13.830186700130431
15.441722419614345
15.441722419614345
15.59259959175292
15.59259959175292
16.192731115879067
16.192731115879067
14.049985293725372
14.049985293725372
13.71863261220728
13.71863261220728
14.626820066274075
14.626820066274075
14.792827955095483
14.792827955095483
14.223485416210975
14.223485416210975
13.365509529436046
13.365509529436046
11.737710349227653
11.737710349227653
12.441399048177686
12.441399048177686
11.47425491705192
11.47425491705192
11.724397427070212
11.724397427070212
11.898976285763359
11.898976285763359
12.449968101031194
12.449968101031194
12.319508980727841
12.319508980727841
12.411741250577657
12.411741250577657
12.027897293824434
12.027897293824434
13.672594231216637
13.672594231216637
11.826697220704093
11.826697220704093
10.562756667332923
10.562756667332923
10.896807190131524
10.896807190131524
10.10036711368599
10.10036711368599
9.941916612904581
9.941916612904581
9.124428343941492
9.124428343941492
8.392775168698186
8.392775168698186
8.521039097143833
8.521039097143833
7.692944031177673
7.692944031177673
8.57873441561487
8.57873441561487
8.608575860249458
8.608575860249458
8.952950531239821
8.952950531239821
9.36985386535192
9.36985386535192
10.777553506789166
10.777553506789166
11.99510540473068
11.99510540473068
11.76624241252281
11.76624241252281
11.184782894299966
11.184782894299966
9.342747326257475
9.342747326257475
7.864075144538071
7.864075144538071
7.837721508569621
7.837721508569621
7.5539235155261615
7.5539235155261615
9.543606089723465
9.543606089723465
11.565792002764468
11.565792002764468
12.494717128602176
12.494717128602176
12.335226351537171
12.335226351537171
12.97424776822073
12.97424776822073
12.239539525995214
12.239539525995214
11.3765665761421
11.3765665761421
11.455424901993434
11.455424901993434
11.7514914218837
11.7514914218837
12.791585199680089
12.791585199680089
11.938452526874464
11.938452526874464
13.302801854046846
13.302801854046846
14.211413528193564
14.211413528193564
14.587104016547467
14.587104016547467
13.999564208125522
13.999564208125522
14.223497299024709
14.223497299024709
15.350529180922754
15.350529180922754
15.008218928894086
15.008218928894086
15.975255974057427
15.975255974057427
15.343087666649193
15.343087666649193
14.767741684302871
14.767741684302871
14.633785589113558
14.633785589113558
14.544926060016174
14.544926060016174
15.270328552351094
15.270328552351094
15.483422189850744
15.483422189850744
14.669419022178936
14.669419022178936
15.11567800612939
15.11567800612939
14.023231408606817
14.023231408606817
14.799055396105958
14.799055396105958
15.090408353692142
15.090408353692142
15.82195243683608
15.82195243683608
15.3156039891011
15.3156039891011
15.33475583482329
15.33475583482329
14.680108559487513
14.680108559487513
13.141624234796737
13.141624234796737
12.664440722766262
12.664440722766262
10.195902660347837
10.195902660347837
11.3121517350955
11.3121517350955
13.014204018436402
13.014204018436402
12.400488861132338
12.400488861132338
12.596656437457671
12.596656437457671
11.402583125101955
11.402583125101955
10.783273035748413
10.783273035748413
11.000037987133394
11.000037987133394
11.051426382971488
11.051426382971488
9.894426484243287
9.894426484243287
9.590068641218936
9.590068641218936
9.426012528342481
9.426012528342481
9.155045413358124
9.155045413358124
8.873729173282852
8.873729173282852
8.612787502633399
8.612787502633399
8.519028449282548
8.519028449282548
8.708560287276239
8.708560287276239
8.123945345280307
8.123945345280307
8.752791240014288
8.752791240014288
9.27431321022569
9.27431321022569
10.942296819108023
10.942296819108023
11.642838475797246
11.642838475797246
14.249417728759537
14.249417728759537
15.92116390226188
15.92116390226188
16.317339684349374
16.317339684349374
17.163658045215143
17.163658045215143
17.24704367501059
17.24704367501059
17.068232713848143
17.068232713848143
17.433751512816347
17.433751512816347
15.798339942611237
15.798339942611237
16.879860119489507
16.879860119489507
16.252790995804332
16.252790995804332
16.05118303812074
16.05118303812074
15.233480172482237
15.233480172482237
15.615023716243781
15.615023716243781
17.011961212792656
17.011961212792656
17.055526757385692
17.055526757385692
17.121850371436146
17.121850371436146
16.589015014114548
16.589015014114548
17.59954173121535
17.59954173121535
15.378833370974077
15.378833370974077
14.985944376846442
14.985944376846442
16.023808083110374
16.023808083110374
16.604836190535007
16.604836190535007
15.414408850577317
15.414408850577317
15.290768827409805
15.290768827409805
15.560200182228916
15.560200182228916
15.671679985972004
15.671679985972004
14.570807613977763
14.570807613977763
13.969284357103001
13.969284357103001
14.506853794999705
14.506853794999705
16.785635006792937
16.785635006792937
16.212839855954297
16.212839855954297
17.756205878504986
17.756205878504986
17.952997797129676
17.952997797129676
17.0454953562295
17.0454953562295
17.629383064045037
17.629383064045037
17.603629257962226
17.603629257962226
15.644559388938609
15.644559388938609
13.314099578976519
13.314099578976519
13.913666648377934
13.913666648377934
14.108312882934317
14.108312882934317
14.11418922721765
14.11418922721765
15.55742643628649
15.55742643628649
15.37927906004771
15.37927906004771
14.970401994323455
14.970401994323455
14.94114336543845
14.94114336543845
12.293911777756408
12.293911777756408
10.953885503703999
10.953885503703999
9.75061309249745
9.75061309249745
10.125382224116127
10.125382224116127
9.794132788903795
9.794132788903795
9.27617311461326
9.27617311461326
9.546683870550336
9.546683870550336
10.027653624850508
10.027653624850508
10.128468340916871
10.128468340916871
9.622778273865357
9.622778273865357
7.831670076092198
7.831670076092198
9.503568806538452
9.503568806538452
10.807501350083342
10.807501350083342
11.493262503011728
11.493262503011728
12.006529042170182
12.006529042170182
12.31745673664083
12.31745673664083
13.662294132279182
13.662294132279182
14.232816815165537
14.232816815165537
11.82908237553352
11.82908237553352
12.598455682425124
12.598455682425124
13.627869229849468
13.627869229849468
12.92091637617517
12.92091637617517
12.657716181844384
12.657716181844384
11.838790214228077
11.838790214228077
11.47584186575775
11.47584186575775
11.467091971146372
11.467091971146372
11.441087683984579
11.441087683984579
11.366649495870432
11.366649495870432
12.748923774444075
12.748923774444075
13.96835542244235
13.96835542244235
14.35331190078969
14.35331190078969
16.08761855148036
16.08761855148036
15.151871515384356
15.151871515384356
14.550059904673782
14.550059904673782
14.041918160632697
14.041918160632697
11.9678017093465
11.9678017093465
11.303818222331133
11.303818222331133
11.950658568075639
11.950658568075639
12.54302132917267
12.54302132917267
13.742889439454071
13.742889439454071
12.990119663037579
12.990119663037579
13.607228535136269
13.607228535136269
13.760387276483044
13.760387276483044
14.578352990143152
14.578352990143152
14.785495422180082
14.785495422180082
14.038260988922712
14.038260988922712
13.37581246740907
13.37581246740907
13.195254863340729
13.195254863340729
12.40621219089069
12.40621219089069
11.891845311675281
11.891845311675281
11.431940265869956
11.431940265869956
11.565070399163101
11.565070399163101
11.974555299293549
11.974555299293549
11.342748016639474
11.342748016639474
10.836783329318642
10.836783329318642
9.82573444208213
9.82573444208213
9.684731121274115
9.684731121274115
8.864670564869712
8.864670564869712
8.000182547631123
8.000182547631123
7.619687854991559
7.619687854991559
8.07607674600112
8.07607674600112
7.667948151873434
7.667948151873434
6.974713894638713
6.974713894638713
7.842461328315337
7.842461328315337
8.725069734745366
8.725069734745366
8.853937444236484
8.853937444236484
9.681142042225787
9.681142042225787
9.530992087271896
9.530992087271896
8.953217281400766
8.953217281400766
9.712632700581034
9.712632700581034
9.000187946617157
9.000187946617157
9.447726959832044
9.447726959832044
10.757081823557877
10.757081823557877
11.119879529049557
11.119879529049557
8.854074161231186
8.854074161231186
9.523345117172466
9.523345117172466
9.767089245546433
9.767089245546433
10.163084922519348
10.163084922519348
9.853210134049885
9.853210134049885
10.83005890959046
10.83005890959046
11.262265018853034
11.262265018853034
11.998386333119335
11.998386333119335
12.107471910832414
12.107471910832414
12.361400452760606
12.361400452760606
13.717092036756764
13.717092036756764
13.970228404256154
13.970228404256154
13.932922207822678
13.932922207822678
13.71537805165598
13.71537805165598
12.556303861304688
12.556303861304688
11.430219562173871
11.430219562173871
12.10048343263939
12.10048343263939
11.302040736837759
11.302040736837759
11.283215869037441
11.283215869037441
11.391770795015136
11.391770795015136
13.424243256942097
13.424243256942097
15.816326365550161
15.816326365550161
13.825288768820512
13.825288768820512
13.487313903241457
13.487313903241457
12.955345926946691
12.955345926946691
15.086656500577153
15.086656500577153
14.942278411521501
14.942278411521501
15.363649685005683
15.363649685005683
16.09913058848521
16.09913058848521
16.015703195535632
16.015703195535632
15.41738196118913
15.41738196118913
15.398666469475243
15.398666469475243
15.60414294314362
15.60414294314362
15.012329887807585
15.012329887807585
14.24351662745944
14.24351662745944
14.029825191924886
14.029825191924886
11.406391564010717
11.406391564010717
11.21179781364089
11.21179781364089
14.017529781337794
14.017529781337794
14.051174411711344
14.051174411711344
12.952312560463042
12.952312560463042
13.159051427315429
13.159051427315429
12.679676804309661
12.679676804309661
12.365202269314262
12.365202269314262
10.012204613568796
10.012204613568796
11.929963518041713
11.929963518041713
11.696773517961766
11.696773517961766
11.667712822757839
11.667712822757839
12.267813108566578
12.267813108566578
13.203629728376594
13.203629728376594
15.001848249782215
15.001848249782215
15.740099328720216
15.740099328720216
14.927460979081921
14.927460979081921
13.699922726985783
13.699922726985783
13.604054917563698
13.604054917563698
11.270069313663297
11.270069313663297
9.449889200201332
9.449889200201332
9.80317818972837
9.80317818972837
11.27142947491354
11.27142947491354
10.648136982022436
10.648136982022436
11.749465866928215
11.749465866928215
11.723258122541667
11.723258122541667
11.81043471427162
11.81043471427162
11.136229476816531
11.136229476816531
10.977215821849915
10.977215821849915
10.991296948202763
10.991296948202763
11.723023511251489
11.723023511251489
9.14726344183826
9.14726344183826
9.603661731459589
9.603661731459589
10.01536465655603
10.01536465655603
11.710648706763603
11.710648706763603
12.040248397413688
12.040248397413688
12.386262905580512
12.386262905580512
11.332908153165173
11.332908153165173
11.140274604272808
11.140274604272808
12.852760435532693
12.852760435532693
11.794773109455654
11.794773109455654
11.51519843611985
11.51519843611985
11.417684793245096
11.417684793245096
13.811970706801254
13.811970706801254
12.39892793412562
12.39892793412562
12.060147436627947
12.060147436627947
12.079269129899256
12.079269129899256
11.18948459810663
11.18948459810663
10.899996563639263
10.899996563639263
12.806565931430315
12.806565931430315
12.940212546388768
12.940212546388768
12.147670963224499
12.147670963224499
10.193664104386983
10.193664104386983
10.36078898994346
10.36078898994346
9.801871205369935
9.801871205369935
10.12768383952544
10.12768383952544
8.516445339868541
8.516445339868541
8.223825695554757
8.223825695554757
7.794747329108635
7.794747329108635
6.653470309542771
6.653470309542771
6.77055295772899
6.77055295772899
7.422404813184129
7.422404813184129
7.799307085604661
7.799307085604661
7.793591364525514
7.793591364525514
7.007794926493502
7.007794926493502
7.740759421551843
7.740759421551843
7.654461736194668
7.654461736194668
7.595640977308581
7.595640977308581
7.65325431540208
7.65325431540208
7.4085100128612025
7.4085100128612025
8.90204927664775
8.90204927664775
8.58282599408654
8.58282599408654
8.961924408565343
8.961924408565343
10.731566953787045
10.731566953787045
10.28781293568422
10.28781293568422
10.580975295483064
10.580975295483064
11.374325682289546
11.374325682289546
12.901993221138087
12.901993221138087
13.664936338134467
13.664936338134467
13.453466323455208
13.453466323455208
12.343884485358974
12.343884485358974
12.897268138665604
12.897268138665604
14.266754266634043
14.266754266634043
14.276967947630002
14.276967947630002
13.95626474330588
13.95626474330588
15.820642456705485
15.820642456705485
14.269568703353297
14.269568703353297
13.477702120831266
13.477702120831266
14.094094098304208
14.094094098304208
13.635691909632682
13.635691909632682
14.219419242698999
14.219419242698999
12.01301104571729
12.01301104571729
10.880695422515448
10.880695422515448
10.33788412399564
10.33788412399564
8.139006250465778
8.139006250465778
9.580255536207009
9.580255536207009
8.030246838579894
8.030246838579894
7.504538664949029
7.504538664949029
8.364421478388495
8.364421478388495
8.934649983405313
8.934649983405313
8.4014550152867
8.4014550152867
8.460408941338155
8.460408941338155
9.378629693244871
9.378629693244871
8.334178431195866
8.334178431195866
8.253531547116783
8.253531547116783
8.476520541574901
8.476520541574901
8.214657651719433
8.214657651719433
8.395574890499661
8.395574890499661
8.949795480267317
8.949795480267317
10.851725145941538
10.851725145941538
11.115315534122296
11.115315534122296
12.056175820126533
12.056175820126533
10.42593095100252
10.42593095100252
10.071027799116129
10.071027799116129
10.414166518744135
10.414166518744135
10.679942217073608
10.679942217073608
10.28333201645549
10.28333201645549
10.799621003968578
10.799621003968578
11.309204894849334
11.309204894849334
10.893564769570615
10.893564769570615
10.351031986694567
10.351031986694567
8.527337895145887
8.527337895145887
8.250030382617831
8.250030382617831
7.718256546913661
7.718256546913661
8.038704673672688
8.038704673672688
7.1882382735236074
7.1882382735236074
6.771420159460795
6.771420159460795
7.781934729598058
7.781934729598058
7.5932727044162585
7.5932727044162585
8.204372616852883
8.204372616852883
7.806745016631681
7.806745016631681
7.247837500063422
7.247837500063422
8.250203322015855
8.250203322015855
7.438378202042042
7.438378202042042
8.099843537239309
8.099843537239309
7.944989576663284
7.944989576663284
8.643735362984415
8.643735362984415
8.493030091630363
8.493030091630363
6.895311966766695
6.895311966766695
8.751755591970925
8.751755591970925
7.773437415648185
7.773437415648185
7.161206371473562
7.161206371473562
7.6002247572580695
7.6002247572580695
8.639935827204466
8.639935827204466
9.221288353891655
9.221288353891655
11.83876180237922
11.83876180237922
12.762073710011641
12.762073710011641
12.882709083378543
12.882709083378543
11.244001436588821
11.244001436588821
11.75469035772897
11.75469035772897
10.640608034873793
10.640608034873793
9.298526149182091
9.298526149182091
9.295620837266998
9.295620837266998
10.004769304714241
10.004769304714241
9.828839289409311
9.828839289409311
9.874915193831466
9.874915193831466
9.440656047186
9.440656047186
9.88145899470356
9.88145899470356
10.633796356632425
10.633796356632425
9.15653578375494
9.15653578375494
9.279704540884522
9.279704540884522
10.145279357705892
10.145279357705892
11.705584811105691
11.705584811105691
11.083861593845114
11.083861593845114
11.547569678588845
11.547569678588845
11.53359591223348
11.53359591223348
11.552050516364899
11.552050516364899
12.64254544416582
12.64254544416582
13.174694267286784
13.174694267286784
12.546566630585616
12.546566630585616
12.679025023914253
12.679025023914253
12.048645336842434
12.048645336842434
11.56226601972938
11.56226601972938
11.229363062065255
11.229363062065255
12.827822877664264
12.827822877664264
11.721192048887092
11.721192048887092
9.979456499865938
9.979456499865938
11.263320481117287
11.263320481117287
11.271533785295883
11.271533785295883
11.165154590809411
11.165154590809411
10.192176097746952
10.192176097746952
10.28704791870084
10.28704791870084
9.712255490418938
9.712255490418938
10.150573129801405
10.150573129801405
9.901800840675875
9.901800840675875
10.438398279410848
10.438398279410848
9.874025215656523
9.874025215656523
11.278354253640078
11.278354253640078
11.012878060104743
11.012878060104743
12.281139418513304
12.281139418513304
12.446485814582473
12.446485814582473
13.024082595978113
13.024082595978113
12.510767499830457
12.510767499830457
12.209898967291908
12.209898967291908
11.07699638856551
11.07699638856551
11.419330525096708
11.419330525096708
12.360215790002442
12.360215790002442
12.600016533442863
12.600016533442863
12.099175706558237
12.099175706558237
13.52415317131684
13.52415317131684
15.085621417458224
15.085621417458224
15.725407461410787
15.725407461410787
15.92568976082096
15.92568976082096
18.667320534955934
18.667320534955934
17.575706843260516
17.575706843260516
16.08775152606051
16.08775152606051
15.34396628772815
15.34396628772815
15.074458046168003
15.074458046168003
16.137595901732922
16.137595901732922
15.852763690499806
15.852763690499806
14.879859984361493
14.879859984361493
13.569524677636736
13.569524677636736
13.307669419970415
13.307669419970415
12.723701612434226
12.723701612434226
13.258060714663328
13.258060714663328
12.959693608836009
12.959693608836009
13.370314532951943
13.370314532951943
13.802594637011161
13.802594637011161
14.418926942924255
14.418926942924255
14.02615742803376
14.02615742803376
14.678582540941623
14.678582540941623
13.959636514576664
13.959636514576664
14.7412507294326
14.7412507294326
15.217988226583152
15.217988226583152
16.087152427876802
16.087152427876802
17.605684149443075
17.605684149443075
18.532058505051452
18.532058505051452
16.03896628389883
16.03896628389883
18.088905725161993
18.088905725161993
18.55889649559864
18.55889649559864
19.623269251810523
19.623269251810523
19.36858399121664
19.36858399121664
20.054814753063347
20.054814753063347
19.295935881078687
19.295935881078687
20.614344394805862
20.614344394805862
20.00358082606882
20.00358082606882
20.925719330059664
20.925719330059664
20.330438665572427
20.330438665572427
19.360444269111238
19.360444269111238
17.675511043530438
17.675511043530438
17.93937216731038
17.93937216731038
17.416352136022965
17.416352136022965
17.147987772939494
17.147987772939494
16.37372959519167
16.37372959519167
16.31501727170248
16.31501727170248
17.753865091602666
17.753865091602666
18.301150907654154
18.301150907654154
18.37512036904243
18.37512036904243
18.022715331975604
18.022715331975604
17.66143668891588
17.66143668891588
16.768529163656503
16.768529163656503
15.753745689843369
15.753745689843369
15.611848472863155
15.611848472863155
14.621309345668754
14.621309345668754
15.40162291271799
15.40162291271799
17.16959022132945
17.16959022132945
15.725077776747467
15.725077776747467
15.010725217764627
15.010725217764627
16.038680335828666
16.038680335828666
17.344555215662954
17.344555215662954
16.686070086906636
16.686070086906636
15.537821302909132
15.537821302909132
15.036876164117235
15.036876164117235
15.903911480909567
15.903911480909567
14.529558223290351
14.529558223290351
12.481744095510797
12.481744095510797
12.879030038197998
12.879030038197998
11.642890262014717
11.642890262014717
11.199919337723122
11.199919337723122
11.145523387466854
11.145523387466854
10.786234926306504
10.786234926306504
11.47152481616297
11.47152481616297
12.500891821706153
12.500891821706153
11.931370167178757
11.931370167178757
10.598192388384009
10.598192388384009
10.428968615884397
10.428968615884397
10.163830548633646
10.163830548633646
10.078813114324186
10.078813114324186
10.807772118506803
10.807772118506803
10.287604074687904
10.287604074687904
11.859416475496392
11.859416475496392
11.519184089042952
11.519184089042952
10.446181692419591
10.446181692419591
11.799738460994714
11.799738460994714
11.98452065035978
11.98452065035978
11.930717975880832
11.930717975880832
11.074601867189028
11.074601867189028
10.770468225617508
10.770468225617508
11.045674219128784
11.045674219128784
11.620243930158479
11.620243930158479
12.059162057186187
12.059162057186187
12.30181435822491
12.30181435822491
12.106995005444022
12.106995005444022
12.3753376609694
12.3753376609694
12.251238440910404
12.251238440910404
12.80465210059443
12.80465210059443
13.678084223979141
13.678084223979141
14.616732714017225
14.616732714017225
15.03075866982908
15.03075866982908
13.785880635178009
13.785880635178009
14.757131633096144
14.757131633096144
14.103355034362213
14.103355034362213
14.94320063667904
14.94320063667904
16.631778533501127
16.631778533501127
17.873370896621164
17.873370896621164
17.497181466104436
17.497181466104436
19.276969580849876
19.276969580849876
19.91100159313668
19.91100159313668
20.558974400713247
20.558974400713247
20.49193666352341
20.49193666352341
22.394674661876838
22.394674661876838
21.53064405966163
21.53064405966163
21.295393917458945
21.295393917458945
19.88579495893417
19.88579495893417
20.539017072589157
20.539017072589157
20.290577011368697
20.290577011368697
21.000151585294347
21.000151585294347
19.196043631913163
19.196043631913163
19.928692482284415
19.928692482284415
22.05510596595396
22.05510596595396
21.049615989611034
21.049615989611034
19.543656364944038
19.543656364944038
18.419283718058562
18.419283718058562
18.274666913842044
18.274666913842044
18.74806590817255
18.74806590817255
19.556381096511398
19.556381096511398
16.798500675675907
16.798500675675907
15.923797091597795
15.923797091597795
16.768948436021585
16.768948436021585
16.148024901664787
16.148024901664787
17.81088489109778
17.81088489109778
15.341193306650318
15.341193306650318
14.939453950610524
14.939453950610524
15.393499718063065
15.393499718063065
15.538027769548183
15.538027769548183
14.150352138285092
14.150352138285092
14.673678165474422
14.673678165474422
14.060641619363714
14.060641619363714
14.84374732365797
14.84374732365797
14.858517388239303
14.858517388239303
16.175153365318206
16.175153365318206
16.201319640476807
16.201319640476807
17.51614658146619
17.51614658146619
18.493354039356845
18.493354039356845
18.213548986130917
18.213548986130917
19.178842397268657
19.178842397268657
18.62367878518781
18.62367878518781
19.76947484951097
19.76947484951097
19.882531182116328
19.882531182116328
18.71281208243676
18.71281208243676
19.325087369742675
19.325087369742675
19.14795415321418
19.14795415321418
17.814117662502465
17.814117662502465
18.76236578305573
18.76236578305573
18.188057318790843
18.188057318790843
18.49536011085727
18.49536011085727
19.01539144876455
19.01539144876455
18.706315033291535
18.706315033291535
20.995774466129323
20.995774466129323
20.582356356926468
20.582356356926468
19.86574188260844
19.86574188260844
21.542436122523227
21.542436122523227
21.129644442635673
21.129644442635673
21.919035670509974
21.919035670509974
22.17678590892864
22.17678590892864
22.170962799999366
22.170962799999366
23.963700923272974
23.963700923272974
24.62973428400973
24.62973428400973
23.696073605847353
23.696073605847353
25.51392371916175
25.51392371916175
25.673177735574978
25.673177735574978
25.215580698890285
25.215580698890285
24.203749176079864
24.203749176079864
20.910332860019892
20.910332860019892
22.598243577268438
22.598243577268438
23.276981816224083
23.276981816224083
22.42311773259855
22.42311773259855
21.735638279427445
21.735638279427445
19.838607957640907
19.838607957640907
19.69493539789961
19.69493539789961
18.818424263232597
18.818424263232597
18.55938846261565
18.55938846261565
17.26462813426011
17.26462813426011
17.997483034882745
17.997483034882745
17.816958319233045
17.816958319233045
17.486213366918353
17.486213366918353
16.25887721907097
16.25887721907097
17.524401548123205
17.524401548123205
18.22640637771707
18.22640637771707
18.152143568591015
18.152143568591015
16.35356301088467
16.35356301088467
15.406284961914672
15.406284961914672
16.758036942408587
16.758036942408587
15.82596659109159
15.82596659109159
16.373018769270526
16.373018769270526
16.4131678214012
16.4131678214012
16.664421505982688
16.664421505982688
14.680464651723035
14.680464651723035
14.697582242796127
14.697582242796127
14.208724136195888
14.208724136195888
14.564222272862839
14.564222272862839
15.210531089988262
15.210531089988262
14.990829046392014
14.990829046392014
14.838384361344716
14.838384361344716
14.986099477075467
14.986099477075467
13.912716012585426
13.912716012585426
13.500753468466565
13.500753468466565
13.650941289463976
13.650941289463976
13.898313067302668
13.898313067302668
14.309319135257374
14.309319135257374
14.288116757456088
14.288116757456088
14.836752437675104
14.836752437675104
14.704251373779893
14.704251373779893
14.91855130332678
14.91855130332678
14.225769631408001
14.225769631408001
14.139223871845035
14.139223871845035
15.585791067899185
15.585791067899185
16.546036483698153
16.546036483698153
16.694942902936994
16.694942902936994
15.788252915771535
15.788252915771535
14.914419585836075
14.914419585836075
14.503230950836516
14.503230950836516
15.711925701004386
15.711925701004386
15.060807076202785
15.060807076202785
14.884599192127789
14.884599192127789
14.22066250801322
14.22066250801322
15.14281987266088
15.14281987266088
14.894264004207534
14.894264004207534
14.17157867291202
14.17157867291202
12.931446194752075
12.931446194752075
12.489795717188741
12.489795717188741
11.738820949125257
11.738820949125257
12.226190547286569
12.226190547286569
13.434256682957997
13.434256682957997
14.567051937923523
14.567051937923523
14.517510587457862
14.517510587457862
15.443805477662478
15.443805477662478
15.85969858733076
15.85969858733076
14.044159881855872
14.044159881855872
13.783686107578397
13.783686107578397
13.518101918610952
13.518101918610952
13.950196128173873
13.950196128173873
12.833107489609189
12.833107489609189
14.350581171450854
14.350581171450854
13.561701301740511
13.561701301740511
12.705813075364414
12.705813075364414
12.36580760275661
12.36580760275661
11.94342114411417
11.94342114411417
11.522929182991755
11.522929182991755
11.682706089821425
11.682706089821425
10.674397705307866
10.674397705307866
11.282386778210743
11.282386778210743
11.104436234920097
11.104436234920097
11.938727845463116
11.938727845463116
12.319173845258325
12.319173845258325
12.320416311128765
12.320416311128765
12.475756349827671
12.475756349827671
13.429790427086003
13.429790427086003
12.152635566304548
12.152635566304548
11.177640829273345
11.177640829273345
11.23952062191935
11.23952062191935
11.087535707232641
11.087535707232641
12.304681313319984
12.304681313319984
13.764731498062867
13.764731498062867
14.793076778597118
14.793076778597118
15.130120338598372
15.130120338598372
15.836821826889036
15.836821826889036
14.811541849692821
14.811541849692821
14.850548460383791
14.850548460383791
16.18057652238952
16.18057652238952
15.886057283773312
15.886057283773312
15.429190385789008
15.429190385789008
13.763308394784461
13.763308394784461
12.474961750207347
12.474961750207347
13.32947069092466
13.32947069092466
14.253136398202523
14.253136398202523
12.671276007428128
12.671276007428128
12.11569709272897
12.11569709272897
13.118070725548666
13.118070725548666
13.747106469644018
13.747106469644018
12.742400629057224
12.742400629057224
13.17780128915217
13.17780128915217
12.861902256317927
12.861902256317927
13.759226555694667
13.759226555694667
15.344882253485634
15.344882253485634
18.489808205256818
18.489808205256818
19.555630908154463
19.555630908154463
19.336078008457758
19.336078008457758
19.407778223260898
19.407778223260898
18.25568954007468
18.25568954007468
17.51046350591812
17.51046350591812
17.99325129732263
17.99325129732263
17.703065668143424
17.703065668143424
17.39912104226069
17.39912104226069
16.058784469098974
16.058784469098974
18.72175857446208
18.72175857446208
21.810704194869572
21.810704194869572
20.339778010292402
20.339778010292402
18.33901040034455
18.33901040034455
17.86327583450553
17.86327583450553
17.909769515110437
17.909769515110437
18.061255818510435
18.061255818510435
18.082766413074186
18.082766413074186
15.94017492796052
15.94017492796052
15.816718660596887
15.816718660596887
15.04440372818721
15.04440372818721
15.992169045516675
15.992169045516675
15.367720335371187
15.367720335371187
14.752912787314088
14.752912787314088
15.214061543421353
15.214061543421353
15.638866196273558
15.638866196273558
15.666118312818831
15.666118312818831
16.1831209289436
16.1831209289436
16.070952149088814
16.070952149088814
17.120209249829085
17.120209249829085
20.30833859408444
20.30833859408444
18.81937835000402
18.81937835000402
17.519692700717307
17.519692700717307
17.367200201537564
17.367200201537564
16.6287275194708
16.6287275194708
15.111408018345625
15.111408018345625
16.03070240668849
16.03070240668849
16.458497467404396
16.458497467404396
16.758671411137062
16.758671411137062
16.5966966586721
16.5966966586721
17.966470915494984
17.966470915494984
17.643603019551538
17.643603019551538
15.748469425514562
15.748469425514562
16.632720838548288
16.632720838548288
15.658323196277191
15.658323196277191
15.055244643434618
15.055244643434618
13.452513504654554
13.452513504654554
14.394050701944286
14.394050701944286
14.448333480363024
14.448333480363024
15.83998274257913
15.83998274257913
14.640173499231603
14.640173499231603
14.255208484833613
14.255208484833613
13.134513629099958
13.134513629099958
14.282813470244571
14.282813470244571
14.552753444060693
14.552753444060693
14.95681630887096
14.95681630887096
14.855248188575201
14.855248188575201
15.885336536445255
15.885336536445255
17.773552617400693
17.773552617400693
16.543460474019547
16.543460474019547
17.82454495404007
17.82454495404007
18.197521882299963
18.197521882299963
19.238459418032175
19.238459418032175
19.55722909014504
19.55722909014504
18.335905709827866
18.335905709827866
18.89048723807315
18.89048723807315
18.693156564918606
18.693156564918606
16.659290459716196
16.659290459716196
15.972532557284644
15.972532557284644
17.487032194023424
17.487032194023424
17.374807598683123
17.374807598683123
18.521361343117526
18.521361343117526
16.61880422715072
16.61880422715072
16.32673795696225
16.32673795696225
13.434866855432412
13.434866855432412
12.980078294657849
12.980078294657849
12.95701477942276
12.95701477942276
12.260878942444164
12.260878942444164
12.505896207373764
12.505896207373764
13.365504950678785
13.365504950678785
13.008913030217853
13.008913030217853
14.411978667350489
14.411978667350489
14.59670547688237
14.59670547688237
13.890505260233702
13.890505260233702
11.404098819638245
11.404098819638245
10.912819467694112
10.912819467694112
11.212612416111197
11.212612416111197
10.955775144966532
10.955775144966532
11.439866273846885
11.439866273846885
11.064317633920346
11.064317633920346
12.193192973545973
12.193192973545973
12.685356205008134
12.685356205008134
13.448463147301721
13.448463147301721
13.005516368300444
13.005516368300444
9.989733120310653
9.989733120310653
10.372418745517173
10.372418745517173
10.714201095448905
10.714201095448905
9.333989756482325
9.333989756482325
7.856046220126586
7.856046220126586
7.966686815827568
7.966686815827568
7.689958050952054
7.689958050952054
7.496636913170475
7.496636913170475
6.553921356048662
6.553921356048662
6.650861805480007
6.650861805480007
6.9304079692838005
6.9304079692838005
7.0984566453589695
7.0984566453589695
7.353604206225534
7.353604206225534
7.595623501222505
7.595623501222505
6.667762488522648
6.667762488522648
6.739663245318912
6.739663245318912
8.098917005013945
8.098917005013945
8.699032581051528
8.699032581051528
7.709971503465519
7.709971503465519
9.23799808631991
9.23799808631991
9.366307724548689
9.366307724548689
11.676508230520067
11.676508230520067
11.606332886466303
11.606332886466303
12.147396972802989
12.147396972802989
11.330476982700727
11.330476982700727
11.60507428482809
11.60507428482809
11.138076278476406
11.138076278476406
10.707244924011237
10.707244924011237
11.359950443544195
11.359950443544195
11.635732070965652
11.635732070965652
11.656016850124345
11.656016850124345
13.302235454851157
13.302235454851157
13.355042576652409
13.355042576652409
13.935068350361373
13.935068350361373
13.385372490304736
13.385372490304736
15.29841637104639
15.29841637104639
13.89392256876401
13.89392256876401
12.729267868789513
12.729267868789513
13.463989786565296
13.463989786565296
13.65221506956174
13.65221506956174
12.897680514717171
12.897680514717171
12.501232157704097
12.501232157704097
12.405705946605869
12.405705946605869
12.427361194304924
12.427361194304924
12.671147939669817
12.671147939669817
13.429829994888854
13.429829994888854
13.079196144068332
13.079196144068332
12.601780530357155
12.601780530357155
13.181396226152048
13.181396226152048
12.954148055515205
12.954148055515205
12.911109070975593
12.911109070975593
12.345366049322369
12.345366049322369
13.165740913625084
13.165740913625084
14.482528042360885
14.482528042360885
13.601173213982445
13.601173213982445
15.314543773899896
15.314543773899896
14.926193199351072
14.926193199351072
16.65701016519134
16.65701016519134
16.223969213217238
16.223969213217238
16.181075031500228
16.181075031500228
14.61032915490795
14.61032915490795
15.178059169924865
15.178059169924865
14.992867516064802
14.992867516064802
13.180290901372615
13.180290901372615
13.35344321962614
13.35344321962614
12.70440988152753
12.70440988152753
12.408831246317755
12.408831246317755
11.954964301431508
11.954964301431508
12.373587064406484
12.373587064406484
12.493971535815891
12.493971535815891
12.696623623811433
12.696623623811433
13.49672371063935
13.49672371063935
14.034516996676041
14.034516996676041
12.747936469295308
12.747936469295308
13.891609759802423
13.891609759802423
13.318365918571152
13.318365918571152
12.54054814583848
12.54054814583848
12.356949274707626
12.356949274707626
11.270524903762833
11.270524903762833
11.13868520062058
11.13868520062058
11.072193024185742
11.072193024185742
10.474203393727135
10.474203393727135
10.114834828562556
10.114834828562556
10.612618719364251
10.612618719364251
12.411374423340963
12.411374423340963
11.985554999090448
11.985554999090448
12.192856327414425
12.192856327414425
12.431728797314431
12.431728797314431
10.308563881983186
10.308563881983186
12.364384897935405
12.364384897935405
11.444287601800879
11.444287601800879
12.141118129315029
12.141118129315029
11.1608629352635
11.1608629352635
10.703516468280512
10.703516468280512
10.029643260302475
10.029643260302475
11.151203392274041
11.151203392274041
10.209254369117895
10.209254369117895
9.923633541716168
9.923633541716168
10.638486120311324
10.638486120311324
10.305604223773253
10.305604223773253
10.469338402579778
10.469338402579778
10.88668011962705
10.88668011962705
10.399848390030176
10.399848390030176
11.088128551794362
11.088128551794362
11.186321579123282
11.186321579123282
10.469991190676112
10.469991190676112
11.034616278249796
11.034616278249796
9.452043526144683
9.452043526144683
9.432031359320561
9.432031359320561
7.736812206526002
7.736812206526002
8.600254590589335
8.600254590589335
9.387130270077993
9.387130270077993
10.450055085910883
10.450055085910883
11.22700260586233
11.22700260586233
13.03982802356769
13.03982802356769
15.62153337093909
15.62153337093909
15.733407199501357
15.733407199501357
16.609274314254595
16.609274314254595
15.185168867713127
15.185168867713127
14.720566820468543
14.720566820468543
14.58125033490952
14.58125033490952
15.236647099873915
15.236647099873915
16.862788514242524
16.862788514242524
18.127712014492406
18.127712014492406
18.85992380145651
18.85992380145651
19.58802984444041
19.58802984444041
19.558712395791588
19.558712395791588
16.972045879912454
16.972045879912454
14.963183995386155
14.963183995386155
15.578207600416263
15.578207600416263
14.248983691964765
14.248983691964765
13.190137840802802
13.190137840802802
12.35580676853807
12.35580676853807
12.934714920307128
12.934714920307128
13.424876857011343
13.424876857011343
12.936398159844385
12.936398159844385
13.89754199617232
13.89754199617232
12.459935755556291
12.459935755556291
13.023465877073097
13.023465877073097
14.255069527342531
14.255069527342531
13.74576254037951
13.74576254037951
15.594153997320554
15.594153997320554
17.218025073385682
17.218025073385682
17.351136799990968
17.351136799990968
17.983446390823655
17.983446390823655
18.281212683951868
18.281212683951868
19.58875739419905
19.58875739419905
21.236308881682735
21.236308881682735
20.321196710921964
20.321196710921964
20.43728265853522
20.43728265853522
20.494586550363493
20.494586550363493
22.883302734996697
22.883302734996697
20.47866619672296
20.47866619672296
21.01274159125139
21.01274159125139
21.017365689899187
21.017365689899187
20.700307814086255
20.700307814086255
21.29897798747856
21.29897798747856
21.358532747039945
21.358532747039945
21.672426764607124
21.672426764607124
21.649277155876796
21.649277155876796
21.89838943960804
21.89838943960804
19.037856124910075
19.037856124910075
18.4659914720829
18.4659914720829
18.680347554918285
18.680347554918285
17.04411540596133
17.04411540596133
18.99876866098625
18.99876866098625
19.327434590328064
19.327434590328064
17.811773557265976
17.811773557265976
17.51022986581741
17.51022986581741
18.969078433933145
18.969078433933145
18.531716871915048
18.531716871915048
19.06291252841425
19.06291252841425
19.30577814512154
19.30577814512154
19.504612756015657
19.504612756015657
19.207640230052
19.207640230052
17.4321249525145
17.4321249525145
19.086983181305953
19.086983181305953
21.05998882564116
21.05998882564116
19.200534746412693
19.200534746412693
21.7972488975672
21.7972488975672
19.434667612145137
19.434667612145137
19.33568734927495
19.33568734927495
18.498052579823582
18.498052579823582
17.31158299593706
17.31158299593706
16.839497556854333
16.839497556854333
17.570353448158773
17.570353448158773
17.885279120995357
17.885279120995357
17.712244043382587
17.712244043382587
20.050596103944503
20.050596103944503
19.774610119904874
19.774610119904874
19.621587580403578
19.621587580403578
20.485141712836977
20.485141712836977
21.541592395915675
21.541592395915675
21.79181690563019
21.79181690563019
22.054669141103574
22.054669141103574
20.755653709671137
20.755653709671137
21.498837336457385
21.498837336457385
22.148702904357066
22.148702904357066
21.62764736432526
21.62764736432526
21.313771795764445
21.313771795764445
19.877757437137404
19.877757437137404
18.377146781740297
18.377146781740297
19.47138883012637
19.47138883012637
21.778501088638393
21.778501088638393
21.327961329052677
21.327961329052677
19.912852060728877
19.912852060728877
19.777157349125673
19.777157349125673
19.60702776681704
19.60702776681704
19.578717055583155
19.578717055583155
18.886785236861154
18.886785236861154
18.750027075603462
18.750027075603462
20.709451698318897
20.709451698318897
19.426855239757728
19.426855239757728
20.01228375427349
20.01228375427349
23.535838362094005
23.535838362094005
25.859341080738695
25.859341080738695
25.654051064427744
25.654051064427744
24.94362237566727
24.94362237566727
23.124607720662546
23.124607720662546
24.288600891762865
24.288600891762865
22.450717305062497
22.450717305062497
23.902632689333632
23.902632689333632
21.935836458071734
21.935836458071734
22.314704217814214
22.314704217814214
21.079006212930754
21.079006212930754
20.859827924475663
20.859827924475663
21.062488015912045
21.062488015912045
22.79108800653132
22.79108800653132
21.89376891892063
21.89376891892063
22.203579916590908
22.203579916590908
19.954285362569365
19.954285362569365
20.398323678647593
20.398323678647593
20.349656692243517
20.349656692243517
20.50590245409221
20.50590245409221
20.13223104006227
20.13223104006227
20.51355941965031
20.51355941965031
20.98622124066171
20.98622124066171
20.28263116738597
20.28263116738597
18.484911143714378
18.484911143714378
18.510573434216372
18.510573434216372
18.774909112481023
18.774909112481023
15.421692722312049
15.421692722312049
14.500471345055987
14.500471345055987
13.039173076946634
13.039173076946634
13.521042302311072
13.521042302311072
15.205550884226247
15.205550884226247
17.442650964023123
17.442650964023123
17.464585265201613
17.464585265201613
18.2755849762555
18.2755849762555
17.648525521633903
17.648525521633903
17.917333925694507
17.917333925694507
18.08486270690818
18.08486270690818
18.970648668949185
18.970648668949185
17.025566482403548
17.025566482403548
17.88179636597691
17.88179636597691
17.11501622733048
17.11501622733048
18.827446143208757
18.827446143208757
17.8732810026387
17.8732810026387
18.236895454246994
18.236895454246994
18.897722425182632
18.897722425182632
17.913372835472035
17.913372835472035
20.19841625121719
20.19841625121719
19.722225548395546
19.722225548395546
21.29354872043591
21.29354872043591
22.289696049989814
22.289696049989814
21.970321789933497
21.970321789933497
21.670182198656097
21.670182198656097
21.46436165722857
21.46436165722857
21.14122055645668
21.14122055645668
21.3013403012916
21.3013403012916
19.812508306566144
19.812508306566144
20.11819000419915
20.11819000419915
21.352611144344124
21.352611144344124
22.514264500468887
22.514264500468887
22.789491438917953
22.789491438917953
21.93746604631226
21.93746604631226
22.158125668537195
22.158125668537195
22.21813592514182
22.21813592514182
22.649934467552534
22.649934467552534
22.699688450871957
22.699688450871957
21.975075895358046
21.975075895358046
24.055123251932123
24.055123251932123
20.646569307914206
20.646569307914206
22.063107983215083
22.063107983215083
24.24700780039529
24.24700780039529
23.82560259638844
23.82560259638844
21.226462437185877
21.226462437185877
19.32504105346142
19.32504105346142
18.62485944802475
18.62485944802475
19.107071641426042
19.107071641426042
19.313625705377397
19.313625705377397
21.357794956384556
21.357794956384556
21.44225705840634
21.44225705840634
21.002458738823485
21.002458738823485
21.39614183263888
21.39614183263888
22.17160723074841
22.17160723074841
22.16184726109217
22.16184726109217
22.679102051658468
22.679102051658468
21.276546427577884
21.276546427577884
19.908667771784405
19.908667771784405
19.475803465083633
19.475803465083633
20.47097179334491
20.47097179334491
18.729619430393463
18.729619430393463
19.25875869037865
19.25875869037865
18.1944688846295
18.1944688846295
18.207061676128074
18.207061676128074
16.18117075399825
16.18117075399825
15.658092503078116
15.658092503078116
15.34951358300542
15.34951358300542
16.265526096299343
16.265526096299343
15.32000091449678
15.32000091449678
13.224413510633125
13.224413510633125
13.680773614653521
13.680773614653521
13.731882585013556
13.731882585013556
12.825482548412008
12.825482548412008
14.088596391913802
14.088596391913802
12.666476234460095
12.666476234460095
14.211856460552035
14.211856460552035
13.557709486766582
13.557709486766582
12.52001969990099
12.52001969990099
14.927978106035615
14.927978106035615
14.6574708611572
14.6574708611572
13.494121361029181
13.494121361029181
12.677660203095986
12.677660203095986
12.719570547971697
12.719570547971697
11.917149032463835
11.917149032463835
12.24367153563327
12.24367153563327
10.915689525265838
10.915689525265838
11.036181007228825
11.036181007228825
11.265603128027282
11.265603128027282
11.944750300004126
11.944750300004126
11.930596901434242
11.930596901434242
11.90150941372067
11.90150941372067
13.374111887754342
13.374111887754342
12.310355474023174
12.310355474023174
13.052939978899268
13.052939978899268
13.217610996759785
13.217610996759785
14.273979743344526
14.273979743344526
14.018453792739386
14.018453792739386
13.121969531588004
13.121969531588004
13.39800454075652
13.39800454075652
15.037784415227327
15.037784415227327
14.587923775773806
14.587923775773806
15.005818656285944
15.005818656285944
17.53103451740811
17.53103451740811
17.872428583292308
17.872428583292308
18.811050987654585
18.811050987654585
18.207399402749143
18.207399402749143
18.294847198149387
18.294847198149387
17.002363526010217
17.002363526010217
17.732830556826432
17.732830556826432
18.57258562822328
18.57258562822328
19.471188129960467
19.471188129960467
19.867703088887108
19.867703088887108
20.672296118901343
20.672296118901343
20.435523514337373
20.435523514337373
19.388535726105577
19.388535726105577
19.022487019563275
19.022487019563275
18.278445203124928
18.278445203124928
19.242743596121315
19.242743596121315
19.88720313589474
19.88720313589474
19.495523992615098
19.495523992615098
18.589335590903687
18.589335590903687
17.9472447987606
17.9472447987606
16.231665202911213
16.231665202911213
18.301352141755547
18.301352141755547
18.46164976320299
18.46164976320299
17.67109398265131
17.67109398265131
16.574834844030754
16.574834844030754
19.095089749989352
19.095089749989352
16.534203155826003
16.534203155826003
15.380679820366641
15.380679820366641
14.099571606730475
14.099571606730475
13.793810037081924
13.793810037081924
12.6947250171919
12.6947250171919
12.523893421389802
12.523893421389802
12.339623321688869
12.339623321688869
11.65605951982032
11.65605951982032
11.849524407629344
11.849524407629344
10.034247846512974
10.034247846512974
10.551857257463782
10.551857257463782
9.865463668346123
9.865463668346123
10.1595607434747
10.1595607434747
10.34182191957088
10.34182191957088
9.438662014324533
9.438662014324533
8.463551004120148
8.463551004120148
8.463769953828017
8.463769953828017
8.390975533878056
8.390975533878056
8.791162877817172
8.791162877817172
8.930699310002106
8.930699310002106
8.981322723250285
8.981322723250285
8.279591997072949
8.279591997072949
8.548706187171804
8.548706187171804
9.42619368334155
9.42619368334155
9.229653513014037
9.229653513014037
10.586478217870713
10.586478217870713
11.606631585123456
11.606631585123456
11.327973200418667
11.327973200418667
11.467798904568513
11.467798904568513
12.583791134107905
12.583791134107905
11.488292451548643
11.488292451548643
10.67829294864317
10.67829294864317
11.907373076538232
11.907373076538232
12.744639768190426
12.744639768190426
12.368575912807565
12.368575912807565
11.890326304015892
11.890326304015892
11.545802369786635
11.545802369786635
11.707328061755591
11.707328061755591
10.811034863286393
10.811034863286393
11.482062715820648
11.482062715820648
12.575021395699967
12.575021395699967
13.358095219091894
13.358095219091894
12.207065747293933
12.207065747293933
11.972517243569797
11.972517243569797
12.538857549770213
12.538857549770213
13.35695702981691
13.35695702981691
12.950994782476648
12.950994782476648
12.881002366916114
12.881002366916114
12.81819139548621
12.81819139548621
13.800267931383251
13.800267931383251
12.814079738616813
12.814079738616813
12.86864567138181
12.86864567138181
14.237993182547227
14.237993182547227
14.123693991313242
14.123693991313242
14.362368544171126
14.362368544171126
14.359904322592543
14.359904322592543
16.293137501077545
16.293137501077545
17.281780004917742
17.281780004917742
16.463250277040185
16.463250277040185
16.76435632769416
16.76435632769416
18.30283252451066
18.30283252451066
18.757580576273522
18.757580576273522
17.87601801480182
17.87601801480182
18.1124196339371
18.1124196339371
18.179443004272798
18.179443004272798
18.241177714421532
18.241177714421532
18.7418522773364
18.7418522773364
17.549239288271117
17.549239288271117
16.2147263515995
16.2147263515995
16.568892098519626
16.568892098519626
17.779810797397992
17.779810797397992
17.054089643346813
17.054089643346813
18.090400092448316
18.090400092448316
15.55513248839632
15.55513248839632
15.824333719415007
15.824333719415007
16.20594556293246
16.20594556293246
15.274997328109919
15.274997328109919
15.667403592527485
15.667403592527485
15.415631447913144
15.415631447913144
15.693473338720855
15.693473338720855
15.494448331524575
15.494448331524575
16.21994804707197
16.21994804707197
16.201180784975282
16.201180784975282
13.719040516179906
13.719040516179906
14.414023256948896
14.414023256948896
14.327989093046991
14.327989093046991
13.275337196094444
13.275337196094444
13.099259659495846
13.099259659495846
12.163475672426406
12.163475672426406
13.098812240219546
13.098812240219546
12.908225626499398
12.908225626499398
13.078807384156898
13.078807384156898
12.368059107407088
12.368059107407088
14.706110933474035
14.706110933474035
14.998642792065942
14.998642792065942
16.073986568703656
16.073986568703656
16.010001277743623
16.010001277743623
16.39513453407848
16.39513453407848
17.588027251092036
17.588027251092036
16.3950464583574
16.3950464583574
15.093967047458044
15.093967047458044
16.73164776519772
16.73164776519772
17.292519753388046
17.292519753388046
17.327731680476827
17.327731680476827
14.079267591553583
14.079267591553583
14.984141387321332
14.984141387321332
15.447103938820383
15.447103938820383
15.605851340901511
15.605851340901511
16.269597965216768
16.269597965216768
15.559713931334839
15.559713931334839
14.955100396364415
14.955100396364415
13.018464729513457
13.018464729513457
14.720078865207403
14.720078865207403
14.9425850485303
14.9425850485303
15.142019246278213
15.142019246278213
14.269790653877736
14.269790653877736
12.140358324132578
12.140358324132578
11.783458531542843
11.783458531542843
12.204706036105312
12.204706036105312
13.180559905313254
13.180559905313254
13.82315795340424
13.82315795340424
14.974172200709708
14.974172200709708
15.905467799578838
15.905467799578838
16.290294976586196
16.290294976586196
14.93845908017596
14.93845908017596
15.271657723926984
15.271657723926984
13.877245379238099
13.877245379238099
13.958077906408466
13.958077906408466
12.56519465118039
12.56519465118039
12.722056260790072
12.722056260790072
11.487414566527299
11.487414566527299
11.419626132806247
11.419626132806247
11.551731280500665
11.551731280500665
11.444795611349164
11.444795611349164
12.180263832158367
12.180263832158367
13.237632615616581
13.237632615616581
12.926773618243015
12.926773618243015
14.981289640950777
14.981289640950777
15.280233046963087
15.280233046963087
15.756477695107423
15.756477695107423
16.306981978032248
16.306981978032248
13.562281177597677
13.562281177597677
10.913131902362302
10.913131902362302
12.938785596642857
12.938785596642857
13.138546231358898
13.138546231358898
12.86097980793995
12.86097980793995
13.895666044969985
13.895666044969985
14.702521838447662
14.702521838447662
14.56639588609279
14.56639588609279
13.44924452374859
13.44924452374859
11.577013777632477
11.577013777632477
12.78239734511344
12.78239734511344
12.777646217945582
12.777646217945582
13.591537416757618
13.591537416757618
11.54512637905219
11.54512637905219
11.91202713742843
11.91202713742843
11.777589216197129
11.777589216197129
12.06634458664139
12.06634458664139
11.989637074512697
11.989637074512697
12.635797728324391
12.635797728324391
11.480661290977217
11.480661290977217
11.330929371096675
11.330929371096675
12.117246029342635
12.117246029342635
10.636912269913083
10.636912269913083
9.82203542044203
9.82203542044203
9.580183460337507
9.580183460337507
10.654089679119869
10.654089679119869
11.687653322100797
11.687653322100797
12.949381184368525
12.949381184368525
13.041370640324923
13.041370640324923
12.302736235088329
12.302736235088329
12.100624872097082
12.100624872097082
10.796122435148252
10.796122435148252
12.203093210174146
12.203093210174146
11.879208322692119
11.879208322692119
10.35684571018701
10.35684571018701
9.50820040687574
9.50820040687574
10.041974923667933
10.041974923667933
9.811083773918437
9.811083773918437
9.342946270312263
9.342946270312263
8.763707824170938
8.763707824170938
8.037502366009196
8.037502366009196
8.884485816756392
8.884485816756392
8.910334222825044
8.910334222825044
7.844303031650779
7.844303031650779
7.9663324699746125
7.9663324699746125
7.081171714376642
7.081171714376642
6.7708267261743895
6.7708267261743895
7.874509519163784
7.874509519163784
8.393863539708066
8.393863539708066
8.806095917322567
8.806095917322567
8.87063490115466
8.87063490115466
8.616758616760961
8.616758616760961
9.266353560087959
9.266353560087959
9.061135772079425
9.061135772079425
10.217599292617138
10.217599292617138
9.98477694431432
9.98477694431432
10.437694700561345
10.437694700561345
10.845225039142907
10.845225039142907
11.016230451829387
11.016230451829387
11.801977645279718
11.801977645279718
11.053034552568072
11.053034552568072
10.589963545488613
10.589963545488613
11.127037980657153
11.127037980657153
10.769005828027979
10.769005828027979
11.494139034491551
11.494139034491551
10.838192125885831
10.838192125885831
10.076761488829352
10.076761488829352
10.133889376692904
10.133889376692904
10.528981483600347
10.528981483600347
10.509377707725363
10.509377707725363
10.913494599832648
10.913494599832648
11.715566611552767
11.715566611552767
11.666628251928238
11.666628251928238
12.661580418641647
12.661580418641647
12.630986729918714
12.630986729918714
12.221563257374024
12.221563257374024
12.23442203502709
12.23442203502709
15.066175119612835
15.066175119612835
14.847433882984182
14.847433882984182
16.036211460222734
16.036211460222734
16.66482750250151
16.66482750250151
17.720414971428575
17.720414971428575
16.457921051585494
16.457921051585494
17.344867894923023
17.344867894923023
17.058522163040927
17.058522163040927
16.908067222587267
16.908067222587267
19.151751871184054
19.151751871184054
19.677213502327405
19.677213502327405
19.72706990933912
19.72706990933912
17.608794921825634
17.608794921825634
16.957589483952756
16.957589483952756
15.522503827542259
15.522503827542259
13.739575466512093
13.739575466512093
13.843238485329799
13.843238485329799
13.492452113213988
13.492452113213988
14.326174367835945
14.326174367835945
14.986668457046134
14.986668457046134
13.052335742511199
13.052335742511199
13.507679867363079
13.507679867363079
13.571164960235391
13.571164960235391
12.922902440889631
12.922902440889631
13.063168046813814
13.063168046813814
11.636622793666938
11.636622793666938
12.158726426685627
12.158726426685627
12.33718870740326
12.33718870740326
12.931285727337873
12.931285727337873
14.930381906261792
14.930381906261792
13.85154427396732
13.85154427396732
14.910325290455528
14.910325290455528
13.678678909667966
13.678678909667966
13.282124127494217
13.282124127494217
12.837798541333642
12.837798541333642
11.870840761419014
11.870840761419014
11.79938584912084
11.79938584912084
12.249106896881731
12.249106896881731
12.162110279366567
12.162110279366567
12.635363916166357
12.635363916166357
11.569091724839645
11.569091724839645
10.498199843151214
10.498199843151214
10.30083312876587
10.30083312876587
10.543550178123978
10.543550178123978
10.228669412578979
10.228669412578979
9.926492111921526
9.926492111921526
10.716032148955946
10.716032148955946
10.583254857513479
10.583254857513479
11.204253832342141
11.204253832342141
12.310147716619024
12.310147716619024
11.146143237132232
11.146143237132232
10.86719188305485
10.86719188305485
10.916613239017916
10.916613239017916
11.54027726250422
11.54027726250422
10.29259840570681
10.29259840570681
11.953574168260802
11.953574168260802
11.26188419676434
11.26188419676434
11.4712386000487
11.4712386000487
11.2024294656643
11.2024294656643
12.086795973527574
12.086795973527574
11.273960645017938
11.273960645017938
14.287581046631484
14.287581046631484
13.925636757760536
13.925636757760536
12.52560385166475
12.52560385166475
13.134422218559871
13.134422218559871
11.536747210055427
11.536747210055427
10.689000969083581
10.689000969083581
10.19220917067568
10.19220917067568
9.261447756784632
9.261447756784632
8.566494618079822
8.566494618079822
8.422450407420845
8.422450407420845
8.436626733570117
8.436626733570117
8.90462145723659
8.90462145723659
8.589613587564536
8.589613587564536
7.250286752157176
7.250286752157176
8.257489128768878
8.257489128768878
8.679558401493916
8.679558401493916
7.940058828095284
7.940058828095284
9.086264382454974
9.086264382454974
9.459810901684898
9.459810901684898
9.306551091894065
9.306551091894065
9.385799648633322
9.385799648633322
9.330880874811722
9.330880874811722
10.174543638735678
10.174543638735678
10.819016627948859
10.819016627948859
10.745577363299688
10.745577363299688
10.739432424841429
10.739432424841429
12.078958401564025
12.078958401564025
12.29537214890305
12.29537214890305
11.396307457361852
11.396307457361852
11.65256770049186
11.65256770049186
11.422193246460246
11.422193246460246
10.000661661689907
10.000661661689907
12.867488358024877
12.867488358024877
14.787440891616175
14.787440891616175
16.610059633080887
16.610059633080887
16.944289458153662
16.944289458153662
17.671463893295165
17.671463893295165
18.311495484339165
18.311495484339165
14.609957668960314
14.609957668960314
14.338682961300371
14.338682961300371
13.714899479036319
13.714899479036319
13.310448006689962
13.310448006689962
13.510378028188912
13.510378028188912
12.831594027154807
12.831594027154807
14.231484550439717
14.231484550439717
13.66450052590265
13.66450052590265
12.443316459419798
12.443316459419798
12.731637489952739
12.731637489952739
14.324053836772315
14.324053836772315
12.197829738341781
12.197829738341781
12.288098227449147
12.288098227449147
12.79812989367843
12.79812989367843
13.687792030683882
13.687792030683882
12.4916122216047
12.4916122216047
11.959157831903395
11.959157831903395
13.823608146180986
13.823608146180986
14.19088700760914
14.19088700760914
14.011966393231079
14.011966393231079
13.140415932607478
13.140415932607478
13.726452797101105
13.726452797101105
14.734353363227463
14.734353363227463
13.941279069463697
13.941279069463697
14.62598261206181
14.62598261206181
16.285677539254866
16.285677539254866
15.301565144506933
15.301565144506933
15.052192651400842
15.052192651400842
15.919964929047037
15.919964929047037
16.388306710891783
16.388306710891783
14.879551093347512
14.879551093347512
12.836417743426765
12.836417743426765
12.644236466607595
12.644236466607595
13.171358824598148
13.171358824598148
13.28366269968488
13.28366269968488
13.601870310142575
13.601870310142575
14.157250910035115
14.157250910035115
15.218375314623058
15.218375314623058
16.02274358333644
16.02274358333644
15.719305673248542
15.719305673248542
12.803406558993052
12.803406558993052
12.070969051007802
12.070969051007802
10.823957419788734
10.823957419788734
11.02403856761799
11.02403856761799
10.02729441370359
10.02729441370359
10.198342352379477
10.198342352379477
10.904528625620607
10.904528625620607
11.577011807128342
11.577011807128342
12.542341383554565
12.542341383554565
13.089429143196886
13.089429143196886
12.039359860248416
12.039359860248416
11.92971869749156
11.92971869749156
12.086518625871141
12.086518625871141
13.310276002871914
13.310276002871914
12.331256004069164
12.331256004069164
10.547068598766652
10.547068598766652
11.470273347664538
11.470273347664538
11.445918560556498
11.445918560556498
10.623997298350115
10.623997298350115
11.522543858864537
11.522543858864537
11.54976604812984
11.54976604812984
11.925435467564029
11.925435467564029
11.767377540025926
11.767377540025926
12.023159534277886
12.023159534277886
13.694619806643276
13.694619806643276
13.675234187184689
13.675234187184689
13.236663528528544
13.236663528528544
13.587352817033969
13.587352817033969
12.058910010550575
12.058910010550575
12.078154939642216
12.078154939642216
12.059882670055877
12.059882670055877
12.04506626633757
12.04506626633757
12.14329933918878
12.14329933918878
12.566228696597546
12.566228696597546
13.373188398084304
13.373188398084304
14.331789821638203
14.331789821638203
14.356376925839708
14.356376925839708
14.503818847927493
14.503818847927493
13.133602126267505
13.133602126267505
13.881072361366336
13.881072361366336
13.80780966986359
13.80780966986359
12.84079986363
12.84079986363
13.260888604914008
13.260888604914008
12.902952205414037
12.902952205414037
11.973592791916026
11.973592791916026
10.196606536259532
10.196606536259532
9.791606640676521
9.791606640676521
9.696688486646329
9.696688486646329
12.17549167299399
12.17549167299399
12.980073227224654
12.980073227224654
13.55813817040624
13.55813817040624
13.826711110347565
13.826711110347565
14.341020935939923
14.341020935939923
14.234816591577333
14.234816591577333
13.859333145880871
13.859333145880871
14.57951893071332
14.57951893071332
13.773668757407256
13.773668757407256
13.928171231029602
13.928171231029602
13.760034995486947
13.760034995486947
14.047485122642456
14.047485122642456
13.111135721168054
13.111135721168054
13.134505007954372
13.134505007954372
13.379775433054885
13.379775433054885
13.048121900546805
13.048121900546805
13.655142601383291
13.655142601383291
12.697856408970665
12.697856408970665
13.126911164736125
13.126911164736125
13.112721218373451
13.112721218373451
14.17999552678892
14.17999552678892
14.011174722032406
14.011174722032406
14.027361014116883
14.027361014116883
14.148676478207033
14.148676478207033
15.236597222417378
15.236597222417378
15.248614623699595
15.248614623699595
16.867429355493073
16.867429355493073
16.066466600730337
16.066466600730337
16.702232130128227
16.702232130128227
16.682766991334457
16.682766991334457
16.407798318116814
16.407798318116814
16.5024913588162
16.5024913588162
17.89711211110266
17.89711211110266
18.7474207146857
18.7474207146857
17.819808174949078
17.819808174949078
18.083073052380534
18.083073052380534
18.76370100385841
18.76370100385841
15.840599131585845
15.840599131585845
13.393259445695422
13.393259445695422
13.777120236682956
13.777120236682956
14.582708907774773
14.582708907774773
14.771451079268937
14.771451079268937
15.586854300595858
15.586854300595858
13.879215221895898
13.879215221895898
13.767630138565092
13.767630138565092
12.368952698713128
12.368952698713128
11.357006483322373
11.357006483322373
13.27218141281226
13.27218141281226
15.744851557732682
15.744851557732682
15.426025037456265
15.426025037456265
15.016267528773923
15.016267528773923
14.49215577085153
14.49215577085153
15.101968539796177
15.101968539796177
16.20676077556911
16.20676077556911
16.713194824192918
16.713194824192918
17.33316499381166
17.33316499381166
17.392113785464126
17.392113785464126
16.831605456186008
16.831605456186008
16.991517725600275
16.991517725600275
16.066282152335845
16.066282152335845
15.941593831203397
15.941593831203397
16.422564992845228
16.422564992845228
18.098813942075367
18.098813942075367
18.90498737589839
18.90498737589839
18.235491213349704
18.235491213349704
18.618762294907032
18.618762294907032
18.259503825960486
18.259503825960486
19.62516550147891
19.62516550147891
18.789663181372994
18.789663181372994
17.459276903209695
17.459276903209695
16.59733257545549
16.59733257545549
17.580469524036918
17.580469524036918
15.433420922840154
15.433420922840154
14.899886491926615
14.899886491926615
13.137717542278171
13.137717542278171
12.17869362692518
12.17869362692518
12.862826970821061
12.862826970821061
13.72232080024397
13.72232080024397
13.090461853013148
13.090461853013148
13.173502595532312
13.173502595532312
13.546155193902985
13.546155193902985
14.355807895664785
14.355807895664785
13.318684953522652
13.318684953522652
13.461114212048617
13.461114212048617
12.908295271407868
12.908295271407868
15.739227023220037
15.739227023220037
16.26760250177535
16.26760250177535
15.134418854906242
15.134418854906242
14.758349061803665
14.758349061803665
14.779746020523808
14.779746020523808
16.369326120354227
16.369326120354227
15.459949708554207
15.459949708554207
16.200417687310303
16.200417687310303
15.81798589546477
15.81798589546477
16.229528494913854
16.229528494913854
15.014609388662205
15.014609388662205
13.626827187832422
13.626827187832422
12.813276240900045
12.813276240900045
14.258830646384933
14.258830646384933
14.322186010362245
14.322186010362245
15.470712740787311
15.470712740787311
15.279704200397255
15.279704200397255
14.409222632365886
14.409222632365886
13.646573151914957
13.646573151914957
13.594470612036215
13.594470612036215
12.603653388591257
12.603653388591257
12.54440605938528
12.54440605938528
13.199478637697853
13.199478637697853
13.122445611385517
13.122445611385517
12.562415253313322
12.562415253313322
13.218560214910946
13.218560214910946
14.294634588097445
14.294634588097445
13.90354813142574
13.90354813142574
15.220238903345264
15.220238903345264
16.14966556869812
16.14966556869812
16.296855733169426
16.296855733169426
15.550235714583874
15.550235714583874
15.640096778694529
15.640096778694529
15.824054159862744
15.824054159862744
15.709169531521407
15.709169531521407
16.620377895805085
16.620377895805085
15.579207512177797
15.579207512177797
14.741965569399403
14.741965569399403
15.6085404701209
15.6085404701209
15.337428444365123
15.337428444365123
14.7591302943048
14.7591302943048
14.630566179236942
14.630566179236942
15.643668365537778
15.643668365537778
15.341849802821084
15.341849802821084
14.553523020725002
14.553523020725002
12.771478676030567
12.771478676030567
12.08857212919156
12.08857212919156
10.776900352590928
10.776900352590928
10.73871177808913
10.73871177808913
11.067005457175584
11.067005457175584
10.756957552973192
10.756957552973192
11.536055438379568
11.536055438379568
12.48326746283055
12.48326746283055
12.56911653210012
12.56911653210012
12.61083205347056
12.61083205347056
11.966444268628472
11.966444268628472
8.9639761124364
8.9639761124364
10.450509192190205
10.450509192190205
9.864564687595365
9.864564687595365
9.409056499245612
9.409056499245612
11.316906302501039
11.316906302501039
10.417283503305647
10.417283503305647
9.966745204269325
9.966745204269325
10.186374596809033
10.186374596809033
10.498807684097578
10.498807684097578
9.884818502855722
9.884818502855722
8.970073682415011
8.970073682415011
9.643434936847136
9.643434936847136
10.43279843811457
10.43279843811457
11.13472487090012
11.13472487090012
11.353924842364538
11.353924842364538
12.337337673665772
12.337337673665772
13.60602944168816
13.60602944168816
12.02264439312802
12.02264439312802
11.793485541878375
11.793485541878375
12.853919560265126
12.853919560265126
13.356836949386558
13.356836949386558
15.452729305688946
15.452729305688946
14.743966491051465
14.743966491051465
14.213632306578239
14.213632306578239
12.775401306449487
12.775401306449487
13.14551909987735
13.14551909987735
11.149997121220974
11.149997121220974
10.83643429932036
10.83643429932036
11.07961502883243
11.07961502883243
11.741726225137182
11.741726225137182
