362.92129204794475
362.92129204794475
351.2351515107862
351.2351515107862
351.0726850552744
351.0726850552744
347.97020357709806
347.97020357709806
344.7875720378335
344.7875720378335
331.87175148666734
331.87175148666734
331.2111851224204
331.2111851224204
325.33045766712246
325.33045766712246
320.5230788053099
320.5230788053099
319.10750517929273
319.10750517929273
313.58187377655565
313.58187377655565
312.11619369332107
312.11619369332107
310.4122398411664
310.4122398411664
310.72867755083576
310.72867755083576
304.81567490089844
304.81567490089844
303.06622149708556
303.06622149708556
291.7996630614787
291.7996630614787
287.6077182029921
287.6077182029921
283.5048529305384
283.5048529305384
278.9320647220266
278.9320647220266
281.9058781075374
281.9058781075374
279.84747329957884
279.84747329957884
278.8895384870646
278.8895384870646
278.11969216043184
278.11969216043184
274.9752417824653
274.9752417824653
269.3652820772322
269.3652820772322
269.8731188905403
269.8731188905403
270.20939340226846
270.20939340226846
269.09183083289736
269.09183083289736
267.9085274476271
267.9085274476271
266.91225133661436
266.91225133661436
268.5341184344524
268.5341184344524
271.974048728973
271.974048728973
272.43526764644076
272.43526764644076
273.24596199723607
273.24596199723607
265.52291691084207
265.52291691084207
252.92145281553215
252.92145281553215
250.79931362845093
250.79931362845093
252.17002970694682
252.17002970694682
253.14875215568995
253.14875215568995
247.54287482357933
247.54287482357933
247.79881463804867
247.79881463804867
248.52852897810826
248.52852897810826
241.22810772871665
241.22810772871665
239.05458084379396
239.05458084379396
232.6035643702974
232.6035643702974
231.6296404222649
231.6296404222649
225.37710879185028
225.37710879185028
227.94600951707778
227.94600951707778
226.5030110467865
226.5030110467865
223.67844864112362
223.67844864112362
221.27388565275396
221.27388565275396
211.16418705800885
211.16418705800885
213.31075197434276
213.31075197434276
213.44170923179024
213.44170923179024
212.60678817492692
212.60678817492692
211.86711006238403
211.86711006238403
205.1322157929046
205.1322157929046
200.55371097803305
200.55371097803305
198.1192191234966
198.1192191234966
191.7697433025991
191.7697433025991
190.83336474898775
190.83336474898775
185.47029119957804
185.47029119957804
182.30086198656434
182.30086198656434
169.39242655692075
169.39242655692075
169.9999984955771
169.9999984955771
168.16818346546503
168.16818346546503
168.42997012367812
168.42997012367812
168.29861150726703
168.29861150726703
168.39163572286444
168.39163572286444
167.208932538342
167.208932538342
167.9804435152507
167.9804435152507
158.73848268770243
158.73848268770243
156.54087076416923
156.54087076416923
155.81467015880648
155.81467015880648
150.14655964131285
150.14655964131285
149.8065258657415
149.8065258657415
150.15127971632273
150.15127971632273
148.5111036977317
148.5111036977317
147.20088996974948
147.20088996974948
145.23946045991218
145.23946045991218
146.0561257884624
146.0561257884624
142.85123333749576
142.85123333749576
141.06236041028873
141.06236041028873
142.595299661714
142.595299661714
143.9894145219447
143.9894145219447
142.89886957699457
142.89886957699457
143.1137175753914
143.1137175753914
143.55742047684686
143.55742047684686
139.26931622680405
139.26931622680405
138.0105647941674
138.0105647941674
137.95533922931918
137.95533922931918
137.32578749655636
137.32578749655636
138.1036007320561
138.1036007320561
137.62892488837383
137.62892488837383
137.57366621163976
137.57366621163976
139.39181757078273
139.39181757078273
141.3873132394004
141.3873132394004
138.6480905012956
138.6480905012956
139.20359833112437
139.20359833112437
137.7168191063863
137.7168191063863
136.71070146440226
136.71070146440226
138.25615173001222
138.25615173001222
139.9464972122905
139.9464972122905
139.3442771930905
139.3442771930905
138.65561327992003
138.65561327992003
138.19415776079055
138.19415776079055
138.69511622241438
138.69511622241438
138.59751173408506
138.59751173408506
137.86840689717178
137.86840689717178
138.33605026127347
138.33605026127347
140.12576084576853
140.12576084576853
137.90819375650636
137.90819375650636
137.41661730422956
137.41661730422956
136.39408725146444
136.39408725146444
131.03718515194342
131.03718515194342
124.33217727955005
124.33217727955005
120.76910883738374
120.76910883738374
119.99186551970708
119.99186551970708
114.82224238241707
114.82224238241707
113.3727112147765
113.3727112147765
113.97992937555908
113.97992937555908
113.19108453304861
113.19108453304861
116.24086653731273
116.24086653731273
114.84878701114626
114.84878701114626
113.96853538223733
113.96853538223733
113.02705736333868
113.02705736333868
114.13774458975848
114.13774458975848
116.18670207221327
116.18670207221327
117.00681200206267
117.00681200206267
117.46952660799272
117.46952660799272
115.51542674582115
115.51542674582115
117.98661746709092
117.98661746709092
120.70072245440855
120.70072245440855
117.73322753165127
117.73322753165127
117.03566038588036
117.03566038588036
115.65715723599853
115.65715723599853
115.58557444471083
115.58557444471083
107.45548729560072
107.45548729560072
106.85111431124605
106.85111431124605
108.68058414484003
108.68058414484003
109.41412329863707
109.41412329863707
106.9020107559874
106.9020107559874
104.45623618915342
104.45623618915342
106.61877753574534
106.61877753574534
107.65265572189128
107.65265572189128
106.69232422681138
106.69232422681138
107.62349016183235
107.62349016183235
107.45373850208026
107.45373850208026
107.5435040708901
107.5435040708901
110.2919579962688
110.2919579962688
110.54838826999062
110.54838826999062
111.09702819954362
111.09702819954362
112.75558970879845
112.75558970879845
110.48197300360633
110.48197300360633
111.1638924489472
111.1638924489472
110.59197303189931
110.59197303189931
112.8927605037472
112.8927605037472
111.60735952798905
111.60735952798905
111.8703813416842
111.8703813416842
113.08140527615788
113.08140527615788
113.63024166415681
113.63024166415681
113.23409521695255
113.23409521695255
112.96866016686916
112.96866016686916
113.31306509012771
113.31306509012771
110.67589585497278
110.67589585497278
112.87137464205408
112.87137464205408
117.03721380474616
117.03721380474616
117.09305570734763
117.09305570734763
115.42638077634675
115.42638077634675
116.5190077438296
116.5190077438296
116.2147578304294
116.2147578304294
115.58217446826339
115.58217446826339
120.30600642101022
120.30600642101022
122.91673108310444
122.91673108310444
118.7302578691036
118.7302578691036
119.23684132595514
119.23684132595514
116.98399492734187
116.98399492734187
118.2159376369639
118.2159376369639
115.92783078943434
115.92783078943434
116.91731880687209
116.91731880687209
117.96327341405583
117.96327341405583
117.82029206501264
117.82029206501264
117.94702045261155
117.94702045261155
118.90907956785708
118.90907956785708
117.48276290282259
117.48276290282259
115.44176880548193
115.44176880548193
116.97836770396626
116.97836770396626
117.50775683834205
117.50775683834205
116.62598447621257
116.62598447621257
118.69120625495117
118.69120625495117
113.91672158276896
113.91672158276896
114.54989420024324
114.54989420024324
111.11087467943578
111.11087467943578
109.85234677240264
109.85234677240264
106.65896571419219
106.65896571419219
107.71668701882354
107.71668701882354
109.55572432603373
109.55572432603373
110.68014334534247
110.68014334534247
108.46527777731508
108.46527777731508
108.16531005552211
108.16531005552211
96.41439502867892
96.41439502867892
99.51860901784808
99.51860901784808
98.31613061070763
98.31613061070763
100.40762648526774
100.40762648526774
101.23520771060971
101.23520771060971
100.57467314647934
100.57467314647934
98.60062713326853
98.60062713326853
97.74019150548878
97.74019150548878
96.28307306478428
96.28307306478428
94.47200602958245
94.47200602958245
95.15057356524497
95.15057356524497
94.75195227148497
94.75195227148497
93.26648700237972
93.26648700237972
94.02204991766982
94.02204991766982
93.49759361226393
93.49759361226393
94.31225014795032
94.31225014795032
93.4388747022887
93.4388747022887
89.66511138965505
89.66511138965505
89.0231355951088
89.0231355951088
86.50472256148285
86.50472256148285
85.15996288739098
85.15996288739098
87.36785445575816
87.36785445575816
88.64564795891626
88.64564795891626
90.67124178682248
90.67124178682248
92.17996064298266
92.17996064298266
92.50841743042079
92.50841743042079
92.33990887954194
92.33990887954194
98.69244905153691
98.69244905153691
99.8991732915578
99.8991732915578
99.36930307045263
99.36930307045263
100.23550843878593
100.23550843878593
100.70576334746083
100.70576334746083
97.87371040263396
97.87371040263396
98.64856324832745
98.64856324832745
97.35361223944349
97.35361223944349
98.85665802169306
98.85665802169306
97.6533830987355
97.6533830987355
93.57168647012492
93.57168647012492
95.62829431219217
95.62829431219217
99.37396155180691
99.37396155180691
98.43461474269847
98.43461474269847
97.87382136248291
97.87382136248291
98.53307947944464
98.53307947944464
95.79751155159369
95.79751155159369
97.76288546142182
97.76288546142182
96.52671739902097
96.52671739902097
95.62247236172772
95.62247236172772
97.46275075866704
97.46275075866704
98.50854017556844
98.50854017556844
96.62804394040708
96.62804394040708
97.11181253777664
97.11181253777664
95.34744438409521
95.34744438409521
100.46389015266415
100.46389015266415
100.16079643969721
100.16079643969721
96.7493479623778
96.7493479623778
96.04153793795146
96.04153793795146
95.82093430079297
95.82093430079297
99.0205510616195
99.0205510616195
94.8753242883191
94.8753242883191
97.13562809231632
97.13562809231632
94.28327207023251
94.28327207023251
97.54075830298584
97.54075830298584
99.28645552578011
99.28645552578011
99.47765243939999
99.47765243939999
98.19005608197014
98.19005608197014
96.08096063966292
96.08096063966292
96.39097475485168
96.39097475485168
96.34851416593577
96.34851416593577
93.7026246371128
93.7026246371128
93.26841393655332
93.26841393655332
90.89509864001622
90.89509864001622
91.28173150049521
91.28173150049521
90.3356560440021
90.3356560440021
89.75963623619151
89.75963623619151
91.60348328023616
91.60348328023616
91.54380072833595
91.54380072833595
91.29192203242808
91.29192203242808
90.12577128579129
90.12577128579129
92.53912424126777
92.53912424126777
94.83114712550511
94.83114712550511
92.54368035189898
92.54368035189898
94.77328510531642
94.77328510531642
91.43727392104503
91.43727392104503
92.55133957964526
92.55133957964526
92.91172894527605
92.91172894527605
93.50311714695385
93.50311714695385
92.8333571503592
92.8333571503592
90.58549543928159
90.58549543928159
90.01646830499033
90.01646830499033
91.02851864352549
91.02851864352549
93.22705446333576
93.22705446333576
93.0915183800217
93.0915183800217
93.12776941013097
93.12776941013097
94.26387836257182
94.26387836257182
96.7678910626022
96.7678910626022
97.58464289332794
97.58464289332794
97.04406413284272
97.04406413284272
97.107113808113
97.107113808113
96.33493731906003
96.33493731906003
96.97594735803763
96.97594735803763
97.8290382288047
97.8290382288047
98.16565963100345
98.16565963100345
99.6005781953978
99.6005781953978
99.62469837710623
99.62469837710623
98.24316505075221
98.24316505075221
97.55904128030546
97.55904128030546
99.4247505911227
99.4247505911227
97.03828371963696
97.03828371963696
96.90965717970073
96.90965717970073
97.41222602814268
97.41222602814268
97.87700780646416
97.87700780646416
95.51895430085462
95.51895430085462
91.75088129696479
91.75088129696479
92.62893416112027
92.62893416112027
91.61817433853938
91.61817433853938
93.44377741786244
93.44377741786244
92.43920105138348
92.43920105138348
100.04587538711601
100.04587538711601
100.39045134189313
100.39045134189313
99.17174696966478
99.17174696966478
96.7940052636949
96.7940052636949
95.2584055926574
95.2584055926574
97.9446286184227
97.9446286184227
97.42897512486195
97.42897512486195
97.53331249108567
97.53331249108567
97.41357001351511
97.41357001351511
98.42329712504201
98.42329712504201
98.38929836077594
98.38929836077594
100.12277343409177
100.12277343409177
101.02493974469658
101.02493974469658
101.38746000270437
101.38746000270437
101.31960212387261
101.31960212387261
100.73730532030278
100.73730532030278
98.99032474918481
98.99032474918481
99.759489028825
99.759489028825
103.60583614795415
103.60583614795415
106.06788123837691
106.06788123837691
104.88236096150727
104.88236096150727
105.91800020787316
105.91800020787316
107.80845817802236
107.80845817802236
105.15354708376047
105.15354708376047
103.69772160601632
103.69772160601632
102.89673197737201
102.89673197737201
103.06856214612688
103.06856214612688
103.05493848658027
103.05493848658027
103.74154871820795
103.74154871820795
103.19075737695056
103.19075737695056
103.93949964951486
103.93949964951486
103.60386242373126
103.60386242373126
103.63549920160771
103.63549920160771
102.27935899026218
102.27935899026218
106.0492877806494
106.0492877806494
107.23343356192083
107.23343356192083
107.47326202963258
107.47326202963258
106.99711029713202
106.99711029713202
107.21520338938548
107.21520338938548
107.51775986009872
107.51775986009872
107.6238381869044
107.6238381869044
104.77795375109748
104.77795375109748
104.38830677977575
104.38830677977575
101.90452619976723
101.90452619976723
102.7713920800191
102.7713920800191
104.74393934428926
104.74393934428926
104.33876406979216
104.33876406979216
104.96067775227625
104.96067775227625
105.90444142723783
105.90444142723783
105.080177899282
105.080177899282
106.39216227724181
106.39216227724181
101.99553422040061
101.99553422040061
100.03678101656539
100.03678101656539
102.1885184286003
102.1885184286003
102.81423293785072
102.81423293785072
100.37839190212839
100.37839190212839
98.40131050427637
98.40131050427637
101.25486638037286
101.25486638037286
101.12880643097306
101.12880643097306
105.2564712735577
105.2564712735577
104.86032966214502
104.86032966214502
103.07730863987226
103.07730863987226
101.73179190696813
101.73179190696813
101.1134937564343
101.1134937564343
99.26371963744435
99.26371963744435
95.19983813684706
95.19983813684706
93.89486060687216
93.89486060687216
93.73520736641306
93.73520736641306
96.31651610608162
96.31651610608162
94.48036478389318
94.48036478389318
92.97340438019886
92.97340438019886
91.48100254831131
91.48100254831131
88.78772573156145
88.78772573156145
85.66372443535401
85.66372443535401
88.69154994803081
88.69154994803081
86.77491959110453
86.77491959110453
88.47840882039746
88.47840882039746
87.51677738916064
87.51677738916064
92.35682504275287
92.35682504275287
92.33893295214098
92.33893295214098
96.2543471074563
96.2543471074563
97.47407792283745
97.47407792283745
98.59106328874223
98.59106328874223
97.85341811989514
97.85341811989514
99.69456398965526
99.69456398965526
100.44540106089856
100.44540106089856
101.11984272094578
101.11984272094578
101.44205621403422
101.44205621403422
101.46256345943603
101.46256345943603
99.28189239022797
99.28189239022797
101.29628892432311
101.29628892432311
96.68793763967811
96.68793763967811
98.40992844459217
98.40992844459217
97.11332154160434
97.11332154160434
97.38088577210357
97.38088577210357
99.51327511702685
99.51327511702685
100.41176757211383
100.41176757211383
101.09662715007993
101.09662715007993
101.26623075628216
101.26623075628216
104.57415309520167
104.57415309520167
103.27117245167999
103.27117245167999
104.4945001825341
104.4945001825341
104.4029031213434
104.4029031213434
101.81603082763229
101.81603082763229
100.08320268369758
100.08320268369758
102.62962754748331
102.62962754748331
101.01658742225987
101.01658742225987
103.74096696939515
103.74096696939515
100.9446481687568
100.9446481687568
100.76322428652082
100.76322428652082
102.34116787184703
102.34116787184703
100.500886439557
100.500886439557
100.56706413312354
100.56706413312354
101.35274161735362
101.35274161735362
101.05916943604595
101.05916943604595
102.0099014704992
102.0099014704992
101.17528391275175
101.17528391275175
99.65819001020414
99.65819001020414
102.75325702566278
102.75325702566278
104.22100705055897
104.22100705055897
106.67089205666095
106.67089205666095
106.75194713091304
106.75194713091304
107.28276452003236
107.28276452003236
107.66773262754229
107.66773262754229
110.35128405380328
110.35128405380328
108.60636057995832
108.60636057995832
108.48523880238457
108.48523880238457
107.10513363423165
107.10513363423165
109.43686985588575
109.43686985588575
106.40428357165027
106.40428357165027
107.0701537994315
107.0701537994315
107.94893325157693
107.94893325157693
106.67048837999785
106.67048837999785
108.08975853404358
108.08975853404358
108.10089404609987
108.10089404609987
108.16376380182386
108.16376380182386
108.09938529907069
108.09938529907069
110.19445188782686
110.19445188782686
110.5185390343228
110.5185390343228
109.29026633101432
109.29026633101432
115.30404694090355
115.30404694090355
115.72157349028144
115.72157349028144
112.06299102326686
112.06299102326686
110.8878495875391
110.8878495875391
111.72301383502145
111.72301383502145
110.16658530732062
110.16658530732062
112.94446570186459
112.94446570186459
112.73197051598675
112.73197051598675
113.78038174154182
113.78038174154182
114.1280338991823
114.1280338991823
110.19932032181475
110.19932032181475
111.7148583536303
111.7148583536303
111.64160705410336
111.64160705410336
114.61163625936081
114.61163625936081
113.3533700956352
113.3533700956352
116.00748788806344
116.00748788806344
110.60425354962734
110.60425354962734
110.05504435209211
110.05504435209211
109.85810714132026
109.85810714132026
111.26671869907015
111.26671869907015
113.27605578522642
113.27605578522642
114.74344478069617
114.74344478069617
115.97412534496183
115.97412534496183
115.72295584784628
115.72295584784628
117.94845971175192
117.94845971175192
117.8973745497402
117.8973745497402
115.85103070968476
115.85103070968476
115.73413007115902
115.73413007115902
113.84201931758196
113.84201931758196
113.32742897165203
113.32742897165203
114.97884850219458
114.97884850219458
117.74992743188136
117.74992743188136
114.2433397103743
114.2433397103743
113.66256894011745
113.66256894011745
117.91656918136665
117.91656918136665
122.1853075848618
122.1853075848618
123.63951634619141
123.63951634619141
121.80941889365837
121.80941889365837
122.52943700256012
122.52943700256012
119.54409139117627
119.54409139117627
121.21572313603927
121.21572313603927
121.2501619761959
121.2501619761959
127.13476310484273
127.13476310484273
124.75579528006948
124.75579528006948
125.69851761165349
125.69851761165349
125.77440947923897
125.77440947923897
126.230734533112
126.230734533112
128.31659065572524
128.31659065572524
131.82899440521865
131.82899440521865
128.2094738997939
128.2094738997939
126.87497260847898
126.87497260847898
127.14476920559275
127.14476920559275
126.90136115800024
126.90136115800024
128.02764967424386
128.02764967424386
126.33264951500689
126.33264951500689
124.96740709474129
124.96740709474129
121.0139618160942
121.0139618160942
121.97038049357396
121.97038049357396
126.66686119822532
126.66686119822532
122.61447829035325
122.61447829035325
125.99314041066499
125.99314041066499
125.80568900426563
125.80568900426563
124.71867311734225
124.71867311734225
124.62425535328597
124.62425535328597
125.52753053890126
125.52753053890126
126.0411535535798
126.0411535535798
125.12768823103627
125.12768823103627
127.45778668216647
127.45778668216647
128.45987510958366
128.45987510958366
128.10526371268543
128.10526371268543
127.71149546742505
127.71149546742505
129.07985192980712
129.07985192980712
129.2374412849312
129.2374412849312
129.7664554768336
129.7664554768336
129.6741087270073
129.6741087270073
129.42022279595702
129.42022279595702
129.40133559265828
129.40133559265828
132.10853989386877
132.10853989386877
132.53210430751614
132.53210430751614
132.39730539924247
132.39730539924247
131.85114900360387
131.85114900360387
131.96700801020611
131.96700801020611
132.7818840684807
132.7818840684807
133.4050414833989
133.4050414833989
130.03492023263868
130.03492023263868
129.44615698508946
129.44615698508946
129.88518070944863
129.88518070944863
129.96228768669414
129.96228768669414
127.63652618964132
127.63652618964132
126.15094611531589
126.15094611531589
123.71738069129856
123.71738069129856
121.58911408298972
121.58911408298972
119.92504985267198
119.92504985267198
121.463004027497
121.463004027497
120.44107557215452
120.44107557215452
121.6782749268681
121.6782749268681
122.97773972929565
122.97773972929565
121.72751692390645
121.72751692390645
122.66426318882023
122.66426318882023
122.9542464244824
122.9542464244824
123.34846452494428
123.34846452494428
124.07993909576196
124.07993909576196
124.68880233743678
124.68880233743678
120.61171437876567
120.61171437876567
120.6287553481071
120.6287553481071
119.73366733923099
119.73366733923099
120.15906799830938
120.15906799830938
118.19185227758132
118.19185227758132
117.87459793124944
117.87459793124944
117.39641359380987
117.39641359380987
117.71031726381582
117.71031726381582
116.89438959786696
116.89438959786696
117.04167034194266
117.04167034194266
116.90358630138324
116.90358630138324
112.04920226203367
112.04920226203367
112.25371916749707
112.25371916749707
109.62156818522784
109.62156818522784
107.22237088836575
107.22237088836575
107.81063163686977
107.81063163686977
107.53078098601439
107.53078098601439
107.04083659021927
107.04083659021927
104.46659826489268
104.46659826489268
103.88920087473576
103.88920087473576
105.2460466546927
105.2460466546927
108.07422491487192
108.07422491487192
107.96870363707473
107.96870363707473
107.65340413898626
107.65340413898626
109.81573453814416
109.81573453814416
108.68368818283065
108.68368818283065
110.36577811536901
110.36577811536901
106.0709151948834
106.0709151948834
105.44592443027697
105.44592443027697
98.9365217123955
98.9365217123955
98.89407943933544
98.89407943933544
100.40735817327888
100.40735817327888
98.42570597428077
98.42570597428077
97.48245138510578
97.48245138510578
98.08423854183819
98.08423854183819
93.76156479045405
93.76156479045405
96.44368329038348
96.44368329038348
96.19919621258508
96.19919621258508
96.78036134437912
96.78036134437912
96.03393092894176
96.03393092894176
95.96522240242663
95.96522240242663
90.319120186723
90.319120186723
96.23187444245262
96.23187444245262
96.44009672095437
96.44009672095437
96.55690656124114
96.55690656124114
93.35615921375151
93.35615921375151
92.76847804998714
92.76847804998714
93.92194249051
93.92194249051
96.12297439864808
96.12297439864808
96.39030599606208
96.39030599606208
94.65077509334559
94.65077509334559
94.44312791775921
94.44312791775921
93.69959743157389
93.69959743157389
98.15594343474406
98.15594343474406
97.38802847980517
97.38802847980517
96.30058534942548
96.30058534942548
97.01377523676751
97.01377523676751
99.19108035308167
99.19108035308167
99.59167550225072
99.59167550225072
97.01882347713003
97.01882347713003
94.62239057020565
94.62239057020565
92.52700851782585
92.52700851782585
93.32440485817396
93.32440485817396
93.63061550293335
93.63061550293335
92.43818181019259
92.43818181019259
92.24229861786533
92.24229861786533
98.10851790729095
98.10851790729095
99.95197063117278
99.95197063117278
99.75870438251785
99.75870438251785
94.84116965846322
94.84116965846322
93.39922547026795
93.39922547026795
94.90087882240175
94.90087882240175
97.03251399791145
97.03251399791145
100.02566978660812
100.02566978660812
96.28062166013865
96.28062166013865
96.38041287767702
96.38041287767702
98.31354182353358
98.31354182353358
100.32463975496049
100.32463975496049
100.46419016699618
100.46419016699618
99.15965448273656
99.15965448273656
103.43356981112301
103.43356981112301
104.44327558363324
104.44327558363324
105.19165731664374
105.19165731664374
105.97746994259577
105.97746994259577
105.5808944792624
105.5808944792624
107.1741560404218
107.1741560404218
106.8707510858806
106.8707510858806
105.60058503840504
105.60058503840504
108.31073656255988
108.31073656255988
110.22599926837998
110.22599926837998
110.13986170447093
110.13986170447093
111.84655381985668
111.84655381985668
111.43229017584497
111.43229017584497
110.15644865025611
110.15644865025611
110.00955901782821
110.00955901782821
105.44848765710981
105.44848765710981
107.33676956921146
107.33676956921146
107.77568817943425
107.77568817943425
109.41897964110125
109.41897964110125
110.69105200543606
110.69105200543606
110.03790595179791
110.03790595179791
111.9515661447941
111.9515661447941
113.32518736711744
113.32518736711744
112.38626190748859
112.38626190748859
113.3833834764562
113.3833834764562
115.88435171332716
115.88435171332716
115.94687053396179
115.94687053396179
116.24532036113834
116.24532036113834
118.38579943478754
118.38579943478754
119.5151942359756
119.5151942359756
119.8150654733027
119.8150654733027
120.14657931495685
120.14657931495685
119.2605009908593
119.2605009908593
120.26884595898089
120.26884595898089
122.29539268577517
122.29539268577517
121.15346931349936
121.15346931349936
123.76631899047383
123.76631899047383
124.97054792799362
124.97054792799362
124.55938483952383
124.55938483952383
118.5332918201939
118.5332918201939
118.87086746185425
118.87086746185425
117.76798225256394
117.76798225256394
116.31201541400137
116.31201541400137
114.10873751972473
114.10873751972473
112.98229303887133
112.98229303887133
116.22384425292577
116.22384425292577
112.29795907276106
112.29795907276106
109.38142940564674
109.38142940564674
109.22060660526019
109.22060660526019
106.49575783335742
106.49575783335742
105.88098212506735
105.88098212506735
105.85804345197731
105.85804345197731
103.82679013786992
103.82679013786992
102.65159740290821
102.65159740290821
105.98877673181494
105.98877673181494
104.67316149858475
104.67316149858475
104.11667849755659
104.11667849755659
105.94340225491214
105.94340225491214
114.03101506055141
114.03101506055141
114.49411437564547
114.49411437564547
113.17452304744825
113.17452304744825
108.1929083979013
108.1929083979013
109.41039974691776
109.41039974691776
109.65311509340087
109.65311509340087
106.35599605299555
106.35599605299555
107.02821406353634
107.02821406353634
108.73872731012091
108.73872731012091
109.82540046762769
109.82540046762769
108.50138866273264
108.50138866273264
108.53889470287572
108.53889470287572
108.94124819398931
108.94124819398931
109.74611185132648
109.74611185132648
110.85989606834627
110.85989606834627
111.80618723212685
111.80618723212685
112.97051815274128
112.97051815274128
113.841771541597
113.841771541597
112.47694657089205
112.47694657089205
108.56739828477825
108.56739828477825
108.35756578866855
108.35756578866855
105.20725918475318
105.20725918475318
105.81323192639226
105.81323192639226
105.83772223665375
105.83772223665375
106.21567067355014
106.21567067355014
106.09396593425215
106.09396593425215
106.02009188785071
106.02009188785071
101.24617048108877
101.24617048108877
101.43057460683654
101.43057460683654
98.71556619999157
98.71556619999157
99.19827101029833
99.19827101029833
100.21386578532271
100.21386578532271
98.00464347998651
98.00464347998651
103.71299502948688
103.71299502948688
103.21945395187788
103.21945395187788
103.47891134852883
103.47891134852883
100.98496684030539
100.98496684030539
100.48876368636229
100.48876368636229
99.92800383576702
99.92800383576702
99.81623931889749
99.81623931889749
99.48486778819799
99.48486778819799
97.88866022766071
97.88866022766071
97.82148909899759
97.82148909899759
102.96319974954919
102.96319974954919
100.65030450237013
100.65030450237013
100.12452818271332
100.12452818271332
99.4542310457171
99.4542310457171
100.44017524078944
100.44017524078944
96.82131738574488
96.82131738574488
96.4289685827424
96.4289685827424
96.16239679591047
96.16239679591047
96.15349195861538
96.15349195861538
96.97507270375209
96.97507270375209
96.83976623847569
96.83976623847569
95.04552287901559
95.04552287901559
97.33494426158852
97.33494426158852
97.31057954961993
97.31057954961993
96.25353676576657
96.25353676576657
96.06876902132488
96.06876902132488
97.75111440354196
97.75111440354196
102.31597538054172
102.31597538054172
102.40099445121166
102.40099445121166
101.04294382779301
101.04294382779301
99.9913804814538
99.9913804814538
101.82394910755244
101.82394910755244
103.06851174203503
103.06851174203503
101.84794552785898
101.84794552785898
98.08956867190932
98.08956867190932
99.66429584840351
99.66429584840351
99.16483142882996
99.16483142882996
99.07512181734843
99.07512181734843
92.69606138038398
92.69606138038398
93.0134055922783
93.0134055922783
93.25264246824007
93.25264246824007
92.75777545419467
92.75777545419467
92.29505512457727
92.29505512457727
92.70666109084283
92.70666109084283
92.72310234581893
92.72310234581893
92.96958685620659
92.96958685620659
93.32426412579693
93.32426412579693
88.54935454363178
88.54935454363178
94.4952620439121
94.4952620439121
94.57884379452324
94.57884379452324
99.61474075790535
99.61474075790535
98.72984742507963
98.72984742507963
99.62299011472155
99.62299011472155
100.15903317791553
100.15903317791553
100.96487047730838
100.96487047730838
99.83691952573045
99.83691952573045
101.94561017678602
101.94561017678602
102.53476232028984
102.53476232028984
105.40547786215863
105.40547786215863
104.20948233651671
104.20948233651671
103.49930350127508
103.49930350127508
105.16747051094147
105.16747051094147
104.76659872310546
104.76659872310546
105.81852203641758
105.81852203641758
105.2169758679493
105.2169758679493
98.34718595910519
98.34718595910519
96.83637526120867
96.83637526120867
96.24596881871051
96.24596881871051
99.33818918999691
99.33818918999691
100.58802737876465
100.58802737876465
104.13643030086928
104.13643030086928
104.28894093771859
104.28894093771859
103.93886963040663
103.93886963040663
105.03997441107191
105.03997441107191
104.79418854461693
104.79418854461693
104.42882273933965
104.42882273933965
107.66420837772826
107.66420837772826
107.20740564137719
107.20740564137719
107.84837463392205
107.84837463392205
106.93149594268898
106.93149594268898
106.45949002836862
106.45949002836862
106.24736447152955
106.24736447152955
105.61404836963237
105.61404836963237
106.06930791574788
106.06930791574788
106.51147239460987
106.51147239460987
106.49549278642452
106.49549278642452
111.19069789408242
111.19069789408242
111.5059307766046
111.5059307766046
111.02646984055204
111.02646984055204
109.26529962349227
109.26529962349227
109.88407696926505
109.88407696926505
108.05803134288921
108.05803134288921
108.50727823933647
108.50727823933647
103.82225880112136
103.82225880112136
103.72384408367597
103.72384408367597
102.93075040071646
102.93075040071646
99.09457436950694
99.09457436950694
99.59969935216793
99.59969935216793
98.69511277109955
98.69511277109955
98.50527387740475
98.50527387740475
97.59637129938314
97.59637129938314
95.57431684945071
95.57431684945071
94.80612488955504
94.80612488955504
95.04640529696835
95.04640529696835
95.6953020689801
95.6953020689801
94.47962318404697
94.47962318404697
95.10920713805093
95.10920713805093
95.4548684399797
95.4548684399797
100.09179312413697
100.09179312413697
100.35050215124274
100.35050215124274
101.20033788590455
101.20033788590455
104.9217551997122
104.9217551997122
104.86452162998056
104.86452162998056
105.89595631499586
105.89595631499586
104.17385055844947
104.17385055844947
106.75534474387428
106.75534474387428
105.1688646845436
105.1688646845436
106.74060264631451
106.74060264631451
109.78297870953796
109.78297870953796
105.4350037175655
105.4350037175655
106.15020729681032
106.15020729681032
108.9219364042948
108.9219364042948
109.60115398153395
109.60115398153395
109.10700368040506
109.10700368040506
108.70909182509236
108.70909182509236
108.77601755414256
108.77601755414256
105.47207584891751
105.47207584891751
105.6066729108208
105.6066729108208
105.14924954966779
105.14924954966779
101.32536982284736
101.32536982284736
101.84212725546861
101.84212725546861
101.36173805508152
101.36173805508152
104.66911456428637
104.66911456428637
99.25358689177708
99.25358689177708
97.49313692885461
97.49313692885461
97.12613112363492
97.12613112363492
96.63565704935407
96.63565704935407
98.10537538698794
98.10537538698794
95.96948853920064
95.96948853920064
97.70080208301644
97.70080208301644
98.34526830540288
98.34526830540288
99.35435997487127
99.35435997487127
95.87499201041052
95.87499201041052
95.62341657550692
95.62341657550692
95.73131372461793
95.73131372461793
97.37130281557359
97.37130281557359
97.95617771694822
97.95617771694822
102.81188929237956
102.81188929237956
102.12895198419646
102.12895198419646
108.76863855772122
108.76863855772122
108.84430602292
108.84430602292
111.15000136112414
111.15000136112414
117.7181986215269
117.7181986215269
111.87711520680192
111.87711520680192
109.28925286389801
109.28925286389801
108.01279296214723
108.01279296214723
106.41162828146875
106.41162828146875
105.66969395444133
105.66969395444133
100.84285577967158
100.84285577967158
97.80361218582235
97.80361218582235
94.68760177152892
94.68760177152892
94.68459931055929
94.68459931055929
93.25483958811242
93.25483958811242
91.98407855865632
91.98407855865632
91.94600741190426
91.94600741190426
94.03550358801986
94.03550358801986
95.65021111056225
95.65021111056225
94.76089603197997
94.76089603197997
95.34480689273767
95.34480689273767
95.58471947355308
95.58471947355308
95.32358035446906
95.32358035446906
96.1734262607192
96.1734262607192
91.16300939637934
91.16300939637934
90.89480300619806
90.89480300619806
91.92093603758117
91.92093603758117
93.45657214112924
93.45657214112924
90.34687339097873
90.34687339097873
87.38613605958668
87.38613605958668
91.73050819965582
91.73050819965582
91.92151929186709
91.92151929186709
93.27688459813643
93.27688459813643
92.47936462259312
92.47936462259312
90.18480677283112
90.18480677283112
89.77153761063364
89.77153761063364
91.04542436698135
91.04542436698135
89.2043741901273
89.2043741901273
88.49584453790517
88.49584453790517
91.5196180388226
91.5196180388226
91.27433406831956
91.27433406831956
91.33947931435473
91.33947931435473
88.29230647045878
88.29230647045878
89.35946990531787
89.35946990531787
87.98988769820822
87.98988769820822
87.3617391614775
87.3617391614775
88.101569197536
88.101569197536
88.24278687451334
88.24278687451334
87.90728554107221
87.90728554107221
86.29575243337925
86.29575243337925
86.80093135841325
86.80093135841325
86.22759168807491
86.22759168807491
88.09902414006322
88.09902414006322
89.63192404946874
89.63192404946874
89.59232393499052
89.59232393499052
87.73235749655497
87.73235749655497
87.26848223135501
87.26848223135501
86.53168481624289
86.53168481624289
85.7580614940821
85.7580614940821
90.45777175173342
90.45777175173342
89.65981068020713
89.65981068020713
89.50816716609894
89.50816716609894
89.92334113901099
89.92334113901099
91.40790089940629
91.40790089940629
89.3018670393404
89.3018670393404
89.42642567072258
89.42642567072258
89.92715064693634
89.92715064693634
86.96771778689529
86.96771778689529
83.11830723093493
83.11830723093493
85.7071917581244
85.7071917581244
84.43637188708696
84.43637188708696
88.74091714936881
88.74091714936881
90.67719419381385
90.67719419381385
89.61284770240918
89.61284770240918
94.35666928434358
94.35666928434358
94.12491535862087
94.12491535862087
97.25140055384902
97.25140055384902
96.24427244893418
96.24427244893418
97.67296349431008
97.67296349431008
102.49725298447949
102.49725298447949
102.48894924593384
102.48894924593384
102.45677368458732
102.45677368458732
102.8957948394456
102.8957948394456
102.25868211742258
102.25868211742258
102.09560624282784
102.09560624282784
97.43760074162047
97.43760074162047
96.18606249608163
96.18606249608163
96.84334905601388
96.84334905601388
97.47814113092015
97.47814113092015
102.35327918586185
102.35327918586185
106.48185978750746
106.48185978750746
102.3086942618895
102.3086942618895
103.42651099951048
103.42651099951048
103.43210265430979
103.43210265430979
102.9536281883067
102.9536281883067
104.98352890785829
104.98352890785829
107.51666989683973
107.51666989683973
109.96651270161263
109.96651270161263
109.15535374351272
109.15535374351272
109.71967142182251
109.71967142182251
110.00967697285974
110.00967697285974
111.12802092355956
111.12802092355956
112.07337857621104
112.07337857621104
111.96727708913023
111.96727708913023
111.98286552007724
111.98286552007724
108.93754154127127
108.93754154127127
108.59105438970852
108.59105438970852
110.07431168529824
110.07431168529824
115.1274764497163
115.1274764497163
114.52910686401134
114.52910686401134
115.65474054287053
115.65474054287053
115.73391997668212
115.73391997668212
115.63871961476784
115.63871961476784
110.0867882318663
110.0867882318663
110.26599258854179
110.26599258854179
111.46877914447298
111.46877914447298
110.35278832109532
110.35278832109532
111.21019131003473
111.21019131003473
114.33810371236635
114.33810371236635
113.54308823492441
113.54308823492441
107.28025319406805
107.28025319406805
108.38539509970892
108.38539509970892
103.54575975679676
103.54575975679676
103.89623334747745
103.89623334747745
101.97614663249378
101.97614663249378
105.42446550219196
105.42446550219196
104.16712929849618
104.16712929849618
104.88861587878593
104.88861587878593
104.36005382813181
104.36005382813181
103.67832317640767
103.67832317640767
100.15305130405555
100.15305130405555
102.19034352833361
102.19034352833361
102.99707479362971
102.99707479362971
101.2291083245563
101.2291083245563
101.4889690168509
101.4889690168509
102.70540295818145
102.70540295818145
102.21081581150406
102.21081581150406
102.41422548093264
102.41422548093264
104.69083963205709
104.69083963205709
105.42860470478962
105.42860470478962
103.8557543832127
103.8557543832127
104.84950147235801
104.84950147235801
