-4.95 0.0
-4.8500000000000005 0.0
-4.75 0.0
-4.65 0.0
-4.55 0.0
-4.45 0.0
-4.35 0.0
-4.25 0.0
-4.15 0.0
-4.05 0.0
-3.95 0.0
-3.85 0.0
-3.75 0.0
-3.6500000000000004 0.0
-3.55 0.0
-3.45 0.0
-3.35 0.0
-3.25 0.0
-3.1500000000000004 0.0
-3.05 0.0
-2.95 0.0
-2.85 0.0
-2.75 0.0
-2.65 0.00018041237113402062
-2.55 0.0003350515463917526
-2.45 0.0005670103092783505
-2.35 0.0017783505154639176
-2.25 0.002268041237113402
-2.15 0.005051546391752577
-2.05 0.007139175257731958
-1.9500000000000002 0.01
-1.85 0.016056701030927836
-1.75 0.02327319587628866
-1.65 0.032783505154639174
-1.5499999999999998 0.04556701030927835
-1.4500000000000002 0.06353092783505154
-1.35 0.08283505154639176
-1.25 0.11518041237113402
-1.15 0.14788659793814432
-1.0499999999999998 0.18989690721649485
-0.9500000000000002 0.23244845360824742
-0.8499999999999996 0.27724226804123714
-0.75 0.3258762886597938
-0.6500000000000004 0.3718041237113402
-0.5499999999999998 0.4231701030927835
-0.4500000000000002 0.45690721649484534
-0.34999999999999964 0.4977577319587629
-0.25 0.5411855670103093
-0.14999999999999947 0.5592525773195877
-0.04999999999999982 0.5700257731958763
0.04999999999999982 0.5700257731958763
0.15000000000000036 0.5592525773195877
0.25 0.5411855670103093
0.35000000000000053 0.4977577319587629
0.4500000000000002 0.45690721649484534
0.5499999999999998 0.4231701030927835
0.6500000000000004 0.3718041237113402
0.75 0.3258762886597938
0.8500000000000005 0.27724226804123714
0.9500000000000002 0.23244845360824742
1.0499999999999998 0.18989690721649485
1.1500000000000004 0.14788659793814432
1.25 0.11518041237113402
1.3500000000000005 0.08283505154639176
1.4500000000000002 0.06353092783505154
1.5499999999999998 0.04556701030927835
1.6500000000000004 0.032783505154639174
1.75 0.02327319587628866
1.8500000000000005 0.016056701030927836
1.9500000000000002 0.01
2.05 0.007139175257731958
2.1500000000000004 0.005051546391752577
2.25 0.002268041237113402
2.3500000000000005 0.0017783505154639176
2.45 0.0005670103092783505
2.55 0.0003350515463917526
2.6500000000000004 0.00018041237113402062
2.75 0.0
2.8500000000000005 0.0
2.95 0.0
3.05 0.0
3.1499999999999995 0.0
3.250000000000001 0.0
3.3500000000000005 0.0
3.45 0.0
3.55 0.0
3.6499999999999995 0.0
3.750000000000001 0.0
3.8500000000000005 0.0
3.95 0.0
4.05 0.0
4.1499999999999995 0.0
4.250000000000001 0.0
4.3500000000000005 0.0
4.45 0.0
4.55 0.0
4.650000000000001 0.0
4.750000000000001 0.0
4.8500000000000005 0.0
4.95 0.0
