-4.95 0.0
-4.8500000000000005 0.0
-4.75 0.0
-4.65 0.0
-4.55 0.0
-4.45 0.0
-4.35 0.0
-4.25 0.0
-4.15 0.0
-4.05 0.0
-3.95 0.0
-3.85 0.0
-3.75 0.0
-3.6500000000000004 0.0
-3.55 0.0
-3.45 0.0
-3.35 0.0
-3.25 0.0
-3.1500000000000004 2.0202020202020203e-05
-3.05 0.0
-2.95 5.0505050505050505e-05
-2.85 0.00019191919191919191
-2.75 0.0003636363636363636
-2.65 0.0005656565656565656
-2.55 0.0007474747474747475
-2.45 0.001191919191919192
-2.35 0.002202020202020202
-2.25 0.0034242424242424243
-2.15 0.005343434343434344
-2.05 0.008737373737373738
-1.9500000000000002 0.012454545454545454
-1.85 0.01692929292929293
-1.75 0.026060606060606062
-1.65 0.036333333333333336
-1.5499999999999998 0.05190909090909091
-1.4500000000000002 0.06809090909090909
-1.35 0.0891919191919192
-1.25 0.1148989898989899
-1.15 0.14361616161616161
-1.0499999999999998 0.18224242424242423
-0.9500000000000002 0.22586868686868686
-0.8499999999999996 0.27111111111111114
-0.75 0.31765656565656564
-0.6500000000000004 0.37266666666666665
-0.5499999999999998 0.4194949494949495
-0.4500000000000002 0.4658787878787879
-0.34999999999999964 0.5048585858585859
-0.25 0.5312222222222223
-0.14999999999999947 0.5568787878787879
-0.04999999999999982 0.5697979797979797
0.04999999999999982 0.5697979797979797
0.15000000000000036 0.5568787878787879
0.25 0.5312222222222223
0.35000000000000053 0.5048585858585859
0.4500000000000002 0.4658787878787879
0.5499999999999998 0.4194949494949495
0.6500000000000004 0.37266666666666665
0.75 0.31765656565656564
0.8500000000000005 0.27111111111111114
0.9500000000000002 0.22586868686868686
1.0499999999999998 0.18224242424242423
1.1500000000000004 0.14361616161616161
1.25 0.1148989898989899
1.3500000000000005 0.0891919191919192
1.4500000000000002 0.06809090909090909
1.5499999999999998 0.05190909090909091
1.6500000000000004 0.036333333333333336
1.75 0.026060606060606062
1.8500000000000005 0.01692929292929293
1.9500000000000002 0.012454545454545454
2.05 0.008737373737373738
2.1500000000000004 0.005343434343434344
2.25 0.0034242424242424243
2.3500000000000005 0.002202020202020202
2.45 0.001191919191919192
2.55 0.0007474747474747475
2.6500000000000004 0.0005656565656565656
2.75 0.0003636363636363636
2.8500000000000005 0.00019191919191919191
2.95 5.0505050505050505e-05
3.05 0.0
3.1499999999999995 2.0202020202020203e-05
3.250000000000001 0.0
3.3500000000000005 0.0
3.45 0.0
3.55 0.0
3.6499999999999995 0.0
3.750000000000001 0.0
3.8500000000000005 0.0
3.95 0.0
4.05 0.0
4.1499999999999995 0.0
4.250000000000001 0.0
4.3500000000000005 0.0
4.45 0.0
4.55 0.0
4.650000000000001 0.0
4.750000000000001 0.0
4.8500000000000005 0.0
4.95 0.0
