10 0.5
20 0.5
30 0.5
40 0.5
50 0.5
100 1
200 1
300 1
400 1.5
500 2.3686678409576416
1000 2.5741467475891113
2000 4.241372108459473
3000 5.831002235412598
4000 7.465877532958984
5000 9.715302467346191
10000 16.91629719734192
20000 31.565343856811523
30000 51.49236226081848
40000 63.22271227836609
50000 78.06579542160034
100000 159.43154954910278
200000 313.2084758281708
300000 473.51583075523376
400000 626.0408775806427
500000 803.9346697330475
1000000 1633.7588438987732
2000000 3193.0178904533386
3000000 4747.570376873016
4000000 6488.572363138199
5000000 8003.426865816116
