-4.95 0.0
-4.8500000000000005 0.0
-4.75 0.0
-4.65 0.0
-4.55 0.0
-4.45 0.0
-4.35 0.0
-4.25 0.0
-4.15 0.0
-4.05 0.0
-3.95 0.0
-3.85 0.0
-3.75 0.0
-3.6500000000000004 0.0
-3.55 0.0
-3.45 0.0
-3.35 0.0
-3.25 5.050505050505051e-06
-3.1500000000000004 2.0202020202020203e-05
-3.05 6.313131313131313e-05
-2.95 4.797979797979798e-05
-2.85 0.000148989898989899
-2.75 0.00030808080808080807
-2.65 0.000542929292929293
-2.55 0.0009116161616161616
-2.45 0.0014797979797979799
-2.35 0.0022474747474747476
-2.25 0.0037297979797979797
-2.15 0.005545454545454545
-2.05 0.008532828282828283
-1.9500000000000002 0.012608585858585859
-1.85 0.01809090909090909
-1.75 0.025952020202020202
-1.65 0.03641161616161616
-1.5499999999999998 0.050512626262626266
-1.4500000000000002 0.06772474747474748
-1.35 0.09022474747474747
-1.25 0.11709343434343435
-1.15 0.14718434343434345
-1.0499999999999998 0.18421212121212122
-0.9500000000000002 0.22679545454545455
-0.8499999999999996 0.272520202020202
-0.75 0.31957575757575757
-0.6500000000000004 0.3709318181818182
-0.5499999999999998 0.4175252525252525
-0.4500000000000002 0.46092676767676766
-0.34999999999999964 0.501979797979798
-0.25 0.5315934343434343
-0.14999999999999947 0.5565479797979798
-0.04999999999999982 0.5680050505050505
0.04999999999999982 0.5680050505050505
0.15000000000000036 0.5565479797979798
0.25 0.5315934343434343
0.35000000000000053 0.501979797979798
0.4500000000000002 0.46092676767676766
0.5499999999999998 0.4175252525252525
0.6500000000000004 0.3709318181818182
0.75 0.31957575757575757
0.8500000000000005 0.272520202020202
0.9500000000000002 0.22679545454545455
1.0499999999999998 0.18421212121212122
1.1500000000000004 0.14718434343434345
1.25 0.11709343434343435
1.3500000000000005 0.09022474747474747
1.4500000000000002 0.06772474747474748
1.5499999999999998 0.050512626262626266
1.6500000000000004 0.03641161616161616
1.75 0.025952020202020202
1.8500000000000005 0.01809090909090909
1.9500000000000002 0.012608585858585859
2.05 0.008532828282828283
2.1500000000000004 0.005545454545454545
2.25 0.0037297979797979797
2.3500000000000005 0.0022474747474747476
2.45 0.0014797979797979799
2.55 0.0009116161616161616
2.6500000000000004 0.000542929292929293
2.75 0.00030808080808080807
2.8500000000000005 0.000148989898989899
2.95 4.797979797979798e-05
3.05 6.313131313131313e-05
3.1499999999999995 2.0202020202020203e-05
3.250000000000001 5.050505050505051e-06
3.3500000000000005 0.0
3.45 0.0
3.55 0.0
3.6499999999999995 0.0
3.750000000000001 0.0
3.8500000000000005 0.0
3.95 0.0
4.05 0.0
4.1499999999999995 0.0
4.250000000000001 0.0
4.3500000000000005 0.0
4.45 0.0
4.55 0.0
4.650000000000001 0.0
4.750000000000001 0.0
4.8500000000000005 0.0
4.95 0.0
