-4.95 0.0
-4.8500000000000005 0.0
-4.75 0.0
-4.65 0.0
-4.55 0.0
-4.45 0.0
-4.35 0.0
-4.25 0.0
-4.15 0.0
-4.05 0.0
-3.95 0.0
-3.85 0.0
-3.75 0.0
-3.6500000000000004 1.594387755102041e-05
-3.55 0.00015943877551020407
-3.45 7.971938775510203e-05
-3.35 0.00030293367346938776
-3.25 0.0004145408163265306
-3.1500000000000004 0.0007971938775510204
-3.05 0.0010682397959183674
-2.95 0.0014349489795918368
-2.85 0.0015465561224489795
-2.75 0.0019610969387755103
-2.65 0.002646683673469388
-2.55 0.004241071428571428
-2.45 0.0052136479591836735
-2.35 0.008258928571428572
-2.25 0.012595663265306123
-2.15 0.01948341836734694
-2.05 0.03148915816326531
-1.9500000000000002 0.0453125
-1.85 0.06959502551020408
-1.75 0.10293367346938775
-1.65 0.13941326530612244
-1.5499999999999998 0.17578125
-1.4500000000000002 0.20900829081632652
-1.35 0.24049744897959183
-1.25 0.2640625
-1.15 0.27613201530612247
-1.0499999999999998 0.2897799744897959
-0.9500000000000002 0.29397321428571427
-0.8499999999999996 0.29652423469387756
-0.75 0.2889349489795918
-0.6500000000000004 0.28917410714285713
-0.5499999999999998 0.2884406887755102
-0.4500000000000002 0.2957110969387755
-0.34999999999999964 0.3142059948979592
-0.25 0.33042091836734694
-0.14999999999999947 0.34846938775510206
-0.04999999999999982 0.3499202806122449
0.04999999999999982 0.3499202806122449
0.15000000000000036 0.34846938775510206
0.25 0.33042091836734694
0.35000000000000053 0.3142059948979592
0.4500000000000002 0.2957110969387755
0.5499999999999998 0.2884406887755102
0.6500000000000004 0.28917410714285713
0.75 0.2889349489795918
0.8500000000000005 0.29652423469387756
0.9500000000000002 0.29397321428571427
1.0499999999999998 0.2897799744897959
1.1500000000000004 0.27613201530612247
1.25 0.2640625
1.3500000000000005 0.24049744897959183
1.4500000000000002 0.20900829081632652
1.5499999999999998 0.17578125
1.6500000000000004 0.13941326530612244
1.75 0.10293367346938775
1.8500000000000005 0.06959502551020408
1.9500000000000002 0.0453125
2.05 0.03148915816326531
2.1500000000000004 0.01948341836734694
2.25 0.012595663265306123
2.3500000000000005 0.008258928571428572
2.45 0.0052136479591836735
2.55 0.004241071428571428
2.6500000000000004 0.002646683673469388
2.75 0.0019610969387755103
2.8500000000000005 0.0015465561224489795
2.95 0.0014349489795918368
3.05 0.0010682397959183674
3.1499999999999995 0.0007971938775510204
3.250000000000001 0.0004145408163265306
3.3500000000000005 0.00030293367346938776
3.45 7.971938775510203e-05
3.55 0.00015943877551020407
3.6499999999999995 1.594387755102041e-05
3.750000000000001 0.0
3.8500000000000005 0.0
3.95 0.0
4.05 0.0
4.1499999999999995 0.0
4.250000000000001 0.0
4.3500000000000005 0.0
4.45 0.0
4.55 0.0
4.650000000000001 0.0
4.750000000000001 0.0
4.8500000000000005 0.0
4.95 0.0
