-4.95 0.0
-4.8500000000000005 0.0
-4.75 0.0
-4.65 0.0
-4.55 0.0
-4.45 0.0
-4.35 1.0001000100010001e-05
-4.25 4.0004000400040005e-05
-4.15 0.00014001400140014
-4.05 0.00018001800180018
-3.95 0.00029002900290029
-3.85 0.00032003200320032004
-3.75 0.00040004000400040005
-3.6500000000000004 0.0006600660066006601
-3.55 0.0009400940094009401
-3.45 0.00108010801080108
-3.35 0.00114011401140114
-3.25 0.00144014401440144
-3.1500000000000004 0.002000200020002
-3.05 0.0027502750275027505
-2.95 0.0031503150315031502
-2.85 0.004010401040104011
-2.75 0.00522052205220522
-2.65 0.006720672067206721
-2.55 0.008290829082908291
-2.45 0.01089108910891089
-2.35 0.013021302130213021
-2.25 0.016031603160316033
-2.15 0.02018201820182018
-2.05 0.024282428242824283
-1.9500000000000002 0.031153115311531154
-1.85 0.036843684368436845
-1.75 0.04928492849284929
-1.65 0.060106010601060106
-1.5499999999999998 0.07175717571757176
-1.4500000000000002 0.08883888388838884
-1.35 0.10857085708570857
-1.25 0.13113311331133112
-1.15 0.15893589358935895
-1.0499999999999998 0.18365836583658365
-0.9500000000000002 0.22021202120212022
-0.8499999999999996 0.25762576257625763
-0.75 0.2983498349834984
-0.6500000000000004 0.3403940394039404
-0.5499999999999998 0.38367836783678366
-0.4500000000000002 0.4272127212721272
-0.34999999999999964 0.46631663166316634
-0.25 0.5006900690069007
-0.14999999999999947 0.5260626062606261
-0.04999999999999982 0.535983598359836
0.04999999999999982 0.535983598359836
0.15000000000000036 0.5260626062606261
0.25 0.5006900690069007
0.35000000000000053 0.46631663166316634
0.4500000000000002 0.4272127212721272
0.5499999999999998 0.38367836783678366
0.6500000000000004 0.3403940394039404
0.75 0.2983498349834984
0.8500000000000005 0.25762576257625763
0.9500000000000002 0.22021202120212022
1.0499999999999998 0.18365836583658365
1.1500000000000004 0.15893589358935895
1.25 0.13113311331133112
1.3500000000000005 0.10857085708570857
1.4500000000000002 0.08883888388838884
1.5499999999999998 0.07175717571757176
1.6500000000000004 0.060106010601060106
1.75 0.04928492849284929
1.8500000000000005 0.036843684368436845
1.9500000000000002 0.031153115311531154
2.05 0.024282428242824283
2.1500000000000004 0.02018201820182018
2.25 0.016031603160316033
2.3500000000000005 0.013021302130213021
2.45 0.01089108910891089
2.55 0.008290829082908291
2.6500000000000004 0.006720672067206721
2.75 0.00522052205220522
2.8500000000000005 0.004010401040104011
2.95 0.0031503150315031502
3.05 0.0027502750275027505
3.1499999999999995 0.002000200020002
3.250000000000001 0.00144014401440144
3.3500000000000005 0.00114011401140114
3.45 0.00108010801080108
3.55 0.0009400940094009401
3.6499999999999995 0.0006600660066006601
3.750000000000001 0.00040004000400040005
3.8500000000000005 0.00032003200320032004
3.95 0.00029002900290029
4.05 0.00018001800180018
4.1499999999999995 0.00014001400140014
4.250000000000001 4.0004000400040005e-05
4.3500000000000005 1.0001000100010001e-05
4.45 0.0
4.55 0.0
4.650000000000001 0.0
4.750000000000001 0.0
4.8500000000000005 0.0
4.95 0.0
