0.5408077239990234 1.3012354373931885
0.5408077239990234 1.1118741035461426
0.913241982460022 0.6361145973205566
0.913241982460022 0.5780795812606812
0.7428293824195862 0.7173137068748474
0.7428293824195862 0.6910395622253418
1.1558963060379028 -0.5003464221954346
1.1558963060379028 -0.44042572379112244
2.3861136436462402 -2.7637174129486084
2.3861136436462402 -2.582087516784668
1.959939956665039 -2.9407389163970947
1.959939956665039 -2.7860522270202637
2.055920124053955 -4.00811767578125
2.055920124053955 -3.6220290660858154
1.5064425468444824 -2.9937984943389893
1.5064425468444824 -2.8137500286102295
1.2269026041030884 -1.780250072479248
1.2269026041030884 -1.8283486366271973
1.8146495819091797 -3.5759732723236084
1.8146495819091797 -3.2801623344421387
1.5060296058654785 -2.222327470779419
1.5060296058654785 -1.9915096759796143
2.9706010818481445 -5.072018146514893
2.9706010818481445 -4.796458721160889
3.296055316925049 -4.882645130157471
3.296055316925049 -4.631209850311279
4.48420524597168 -8.75671100616455
4.48420524597168 -8.364054679870605
5.433968544006348 -9.454666137695312
5.433968544006348 -8.978169441223145
5.264969825744629 -6.649713516235352
5.264969825744629 -6.283395767211914
5.811709403991699 -7.598093509674072
5.811709403991699 -7.300684452056885
5.6074323654174805 -7.549499988555908
5.6074323654174805 -7.075791358947754
6.146645545959473 -5.936182975769043
6.146645545959473 -5.3739848136901855
7.4199604988098145 -5.8579421043396
7.4199604988098145 -5.583256244659424
7.240603446960449 -5.964593410491943
7.240603446960449 -5.481560707092285
7.894045829772949 -6.9175190925598145
7.894045829772949 -6.33074951171875
6.665639400482178 -6.416418552398682
6.665639400482178 -6.070839881896973
6.126434326171875 -6.27584981918335
6.126434326171875 -5.826472282409668
6.8675079345703125 -8.409551620483398
6.8675079345703125 -7.894211769104004
6.267498970031738 -6.252198696136475
6.267498970031738 -5.7157135009765625
5.969476222991943 -6.2021002769470215
5.969476222991943 -5.54469108581543
6.184717178344727 -8.20920181274414
6.184717178344727 -7.718156337738037
5.6199493408203125 -5.493622779846191
5.6199493408203125 -5.113079071044922
6.623509407043457 -6.798558712005615
6.623509407043457 -6.469221115112305
6.573662281036377 -6.872342109680176
6.573662281036377 -6.471001625061035
6.670068740844727 -7.046609878540039
6.670068740844727 -6.542728900909424
6.73154878616333 -6.811044692993164
6.73154878616333 -6.229340553283691
6.5943522453308105 -7.3315935134887695
6.5943522453308105 -6.846202850341797
6.567216396331787 -6.694215297698975
6.567216396331787 -6.0522780418396
7.142572402954102 -8.447742462158203
7.142572402954102 -7.519778251647949
6.606190204620361 -7.549916744232178
6.606190204620361 -6.720675945281982
8.103424072265625 -6.725735664367676
8.103424072265625 -6.277432441711426
7.50006103515625 -5.712071895599365
7.50006103515625 -5.391493797302246
7.999488830566406 -5.264636993408203
7.999488830566406 -4.9465837478637695
8.87244701385498 -5.949247360229492
8.87244701385498 -5.852020263671875
9.39100456237793 -6.178117752075195
9.39100456237793 -6.248155117034912
10.750682830810547 -8.665889739990234
10.750682830810547 -8.366787910461426
10.646688461303711 -7.5517778396606445
10.646688461303711 -7.411384105682373
10.868001937866211 -7.498124122619629
10.868001937866211 -7.513232707977295
9.9439697265625 -6.30811882019043
9.9439697265625 -6.271639823913574
10.251971244812012 -7.04425573348999
10.251971244812012 -7.26385498046875
10.049945831298828 -7.051607608795166
10.049945831298828 -6.968923568725586
9.508977890014648 -5.770613670349121
9.508977890014648 -5.555286884307861
8.55198860168457 -5.968560218811035
8.55198860168457 -5.6784186363220215
7.904355525970459 -6.325083255767822
7.904355525970459 -6.0190653800964355
8.405187606811523 -5.947516918182373
8.405187606811523 -5.747648239135742
9.862074851989746 -8.698312759399414
9.862074851989746 -8.654485702514648
8.9143705368042 -10.16383171081543
8.9143705368042 -9.910100936889648
9.252826690673828 -10.086853981018066
9.252826690673828 -10.26501178741455
7.85686731338501 -8.529659271240234
7.85686731338501 -8.59046745300293
7.863615036010742 -7.606589317321777
7.863615036010742 -7.499533653259277
6.726656913757324 -8.146639823913574
6.726656913757324 -8.121338844299316
5.770946502685547 -7.203586578369141
5.770946502685547 -7.142258167266846
6.9130706787109375 -8.218551635742188
6.9130706787109375 -8.18545150756836
6.533699035644531 -6.604344367980957
6.533699035644531 -6.554447174072266
6.661891937255859 -7.275638103485107
6.661891937255859 -7.011226654052734
5.899479866027832 -6.058550834655762
5.899479866027832 -5.873632431030273
7.508603096008301 -6.903203010559082
7.508603096008301 -7.114175319671631
7.267303943634033 -6.857877254486084
7.267303943634033 -6.812234878540039
7.017129898071289 -4.988555908203125
7.017129898071289 -4.76949405670166
7.428437232971191 -5.619998455047607
7.428437232971191 -5.3719482421875
8.034679412841797 -5.419562339782715
8.034679412841797 -5.122959136962891
9.184986114501953 -6.220337867736816
9.184986114501953 -5.919976234436035
7.955870151519775 -6.073771953582764
7.955870151519775 -5.8363037109375
9.60008430480957 -7.517864227294922
9.60008430480957 -7.0836052894592285
11.00175952911377 -9.19785213470459
11.00175952911377 -8.447432518005371
10.606207847595215 -8.066802978515625
10.606207847595215 -7.347282409667969
11.117168426513672 -9.149822235107422
11.117168426513672 -8.514114379882812
11.550907135009766 -10.001799583435059
11.550907135009766 -9.52727222442627
9.665148735046387 -7.641703128814697
9.665148735046387 -7.235652923583984
10.264859199523926 -8.285652160644531
10.264859199523926 -8.00000286102295
10.219146728515625 -8.056747436523438
10.219146728515625 -8.151636123657227
8.976213455200195 -8.257014274597168
8.976213455200195 -8.57413101196289
8.294517517089844 -6.621754169464111
8.294517517089844 -6.702872276306152
7.941194534301758 -8.002382278442383
7.941194534301758 -8.4390230178833
8.702308654785156 -6.34272575378418
8.702308654785156 -6.531244277954102
8.396326065063477 -6.31185245513916
8.396326065063477 -6.4934983253479
8.94265365600586 -6.832912445068359
8.94265365600586 -6.929928302764893
7.825002193450928 -6.208276748657227
7.825002193450928 -6.437075614929199
7.121310710906982 -6.713193416595459
7.121310710906982 -7.141645431518555
7.425318241119385 -6.7661309242248535
7.425318241119385 -7.185318946838379
6.5769219398498535 -5.581438064575195
6.5769219398498535 -5.821150302886963
6.557389259338379 -4.555936813354492
6.557389259338379 -4.413992404937744
6.96410608291626 -6.6001739501953125
6.96410608291626 -6.949473857879639
7.186373710632324 -5.328912258148193
7.186373710632324 -5.744438171386719
6.438866138458252 -6.320591449737549
6.438866138458252 -6.42501163482666
5.9613728523254395 -6.155544757843018
5.9613728523254395 -6.300522327423096
4.704555511474609 -4.565676689147949
4.704555511474609 -4.8288469314575195
4.084756374359131 -4.783254623413086
4.084756374359131 -5.100664138793945
5.24168062210083 -7.116159915924072
5.24168062210083 -7.4658966064453125
5.524618625640869 -8.071394920349121
5.524618625640869 -8.22744083404541
6.083385944366455 -9.46711254119873
6.083385944366455 -9.507466316223145
7.4888200759887695 -12.256942749023438
7.4888200759887695 -12.306957244873047
7.947507858276367 -14.57767391204834
7.947507858276367 -14.512121200561523
6.682232856750488 -10.293983459472656
6.682232856750488 -10.447019577026367
8.50930404663086 -11.626429557800293
8.50930404663086 -11.9229736328125
7.554178237915039 -9.807451248168945
7.554178237915039 -9.903643608093262
8.329120635986328 -12.002781867980957
8.329120635986328 -11.721551895141602
8.961786270141602 -11.7610502243042
8.961786270141602 -11.682276725769043
10.531378746032715 -12.851487159729004
10.531378746032715 -12.739238739013672
8.72825813293457 -10.37083911895752
8.72825813293457 -10.04266357421875
8.659734725952148 -10.775396347045898
8.659734725952148 -10.428020477294922
7.556094646453857 -9.867777824401855
7.556094646453857 -9.612175941467285
9.032973289489746 -10.991605758666992
9.032973289489746 -10.664053916931152
8.748479843139648 -9.96830940246582
8.748479843139648 -9.569412231445312
8.36880874633789 -10.058990478515625
8.36880874633789 -9.76491928100586
9.495159149169922 -11.481011390686035
9.495159149169922 -11.23511028289795
9.81521224975586 -11.223892211914062
9.81521224975586 -11.285822868347168
9.027572631835938 -10.390935897827148
9.027572631835938 -10.272882461547852
7.741600036621094 -9.831972122192383
7.741600036621094 -9.752486228942871
8.374844551086426 -11.00500202178955
8.374844551086426 -11.13032341003418
9.877171516418457 -13.083553314208984
9.877171516418457 -13.138818740844727
9.322461128234863 -12.069254875183105
9.322461128234863 -12.055885314941406
9.088733673095703 -10.911012649536133
9.088733673095703 -10.689658164978027
7.814719200134277 -9.883490562438965
7.814719200134277 -9.748619079589844
8.680628776550293 -10.424050331115723
8.680628776550293 -10.07516860961914
8.7357177734375 -10.867026329040527
8.7357177734375 -10.077215194702148
9.23320198059082 -12.499424934387207
9.23320198059082 -11.548284530639648
10.297281265258789 -15.807910919189453
10.297281265258789 -14.737802505493164
6.687998294830322 -12.412389755249023
6.687998294830322 -11.765554428100586
5.391499996185303 -11.034736633300781
5.391499996185303 -10.703089714050293
6.133878707885742 -10.881305694580078
6.133878707885742 -10.348353385925293
6.975426197052002 -10.966015815734863
6.975426197052002 -10.197887420654297
6.971220016479492 -9.666508674621582
6.971220016479492 -9.066272735595703
6.287567138671875 -10.322083473205566
6.287567138671875 -9.674354553222656
5.396696090698242 -7.206942081451416
5.396696090698242 -6.597080230712891
5.418280601501465 -6.866383075714111
5.418280601501465 -6.370306015014648
5.845987319946289 -7.795124053955078
5.845987319946289 -7.607440948486328
6.487546443939209 -8.774385452270508
6.487546443939209 -8.72341537475586
7.244476318359375 -9.254190444946289
7.244476318359375 -9.389396667480469
7.2213263511657715 -9.828728675842285
7.2213263511657715 -9.875116348266602
9.180700302124023 -13.745144844055176
9.180700302124023 -13.795255661010742
8.672839164733887 -12.859970092773438
8.672839164733887 -13.089761734008789
8.499963760375977 -12.53431510925293
8.499963760375977 -12.88101577758789
7.795992374420166 -9.441205024719238
7.795992374420166 -9.469799041748047
9.025007247924805 -11.465943336486816
9.025007247924805 -11.4242525100708
7.593811988830566 -9.35301399230957
7.593811988830566 -9.299522399902344
9.498867988586426 -11.617012977600098
9.498867988586426 -11.653339385986328
10.677050590515137 -11.691047668457031
10.677050590515137 -11.797616004943848
9.8656644821167 -11.39866828918457
9.8656644821167 -11.22896957397461
9.739108085632324 -10.502950668334961
9.739108085632324 -10.163784980773926
9.337855339050293 -10.130559921264648
9.337855339050293 -9.938794136047363
8.330248832702637 -8.128805160522461
8.330248832702637 -7.9381585121154785
9.530747413635254 -11.141364097595215
9.530747413635254 -11.277473449707031
9.625744819641113 -10.413527488708496
9.625744819641113 -10.38090991973877
9.270590782165527 -8.453897476196289
9.270590782165527 -8.487277030944824
7.983292579650879 -6.504114151000977
7.983292579650879 -6.483401775360107
8.339902877807617 -7.134737014770508
8.339902877807617 -7.259708404541016
7.594699382781982 -7.296182632446289
7.594699382781982 -7.31962776184082
6.482269763946533 -5.521008491516113
6.482269763946533 -5.411975383758545
6.386120796203613 -5.35741662979126
6.386120796203613 -5.484039783477783
6.610477447509766 -5.327105522155762
6.610477447509766 -5.265578269958496
7.139772891998291 -5.783603191375732
7.139772891998291 -5.524512767791748
6.691357612609863 -4.373959541320801
6.691357612609863 -4.354031562805176
5.8806633949279785 -4.735005855560303
5.8806633949279785 -4.443867206573486
7.089775085449219 -5.896132469177246
7.089775085449219 -5.501760959625244
6.239257335662842 -5.159684658050537
6.239257335662842 -5.202795028686523
7.218666076660156 -5.705175876617432
7.218666076660156 -5.627459526062012
7.275995254516602 -4.962108135223389
7.275995254516602 -4.920591354370117
8.4860200881958 -7.119546413421631
8.4860200881958 -6.551118850708008
10.476999282836914 -11.184900283813477
10.476999282836914 -10.062508583068848
11.566717147827148 -12.333120346069336
11.566717147827148 -11.831164360046387
10.620479583740234 -11.417521476745605
10.620479583740234 -11.04096508026123
10.700462341308594 -13.357718467712402
10.700462341308594 -12.968873023986816
10.045193672180176 -14.830556869506836
10.045193672180176 -14.293862342834473
10.18401050567627 -14.513524055480957
10.18401050567627 -13.411407470703125
11.383634567260742 -18.789655685424805
11.383634567260742 -17.691864013671875
12.267852783203125 -19.921466827392578
12.267852783203125 -18.32465934753418
11.616857528686523 -17.14857292175293
11.616857528686523 -15.997171401977539
11.247940063476562 -13.701634407043457
11.247940063476562 -12.488934516906738
9.82589340209961 -12.313870429992676
9.82589340209961 -11.281610488891602
10.63421630859375 -12.444571495056152
10.63421630859375 -11.418638229370117
12.637184143066406 -13.712182998657227
12.637184143066406 -13.11551284790039
12.360812187194824 -14.011374473571777
12.360812187194824 -13.243342399597168
11.415960311889648 -11.819520950317383
11.415960311889648 -11.058073997497559
11.89238166809082 -14.310341835021973
11.89238166809082 -13.4962739944458
11.68701171875 -11.976698875427246
11.68701171875 -11.304546356201172
9.445914268493652 -8.835915565490723
9.445914268493652 -8.250679016113281
9.92776107788086 -9.527450561523438
9.92776107788086 -8.884925842285156
11.779212951660156 -10.157069206237793
11.779212951660156 -9.435410499572754
12.035614013671875 -10.530988693237305
12.035614013671875 -9.856727600097656
12.288695335388184 -9.58945369720459
12.288695335388184 -9.205770492553711
11.351459503173828 -9.764606475830078
11.351459503173828 -9.544506072998047
10.85307502746582 -10.565912246704102
10.85307502746582 -10.468480110168457
10.81834602355957 -10.157221794128418
10.81834602355957 -10.133394241333008
10.595450401306152 -11.743821144104004
10.595450401306152 -12.010573387145996
10.181504249572754 -12.393128395080566
10.181504249572754 -12.797350883483887
11.878396034240723 -14.47758674621582
11.878396034240723 -14.972186088562012
11.337071418762207 -12.612305641174316
11.337071418762207 -12.79974365234375
11.033802032470703 -12.862788200378418
11.033802032470703 -13.137237548828125
13.592438697814941 -16.354019165039062
13.592438697814941 -16.515567779541016
13.994901657104492 -19.527833938598633
13.994901657104492 -19.34108543395996
15.009660720825195 -18.199867248535156
15.009660720825195 -18.065038681030273
14.400073051452637 -18.67012596130371
14.400073051452637 -18.509235382080078
13.505755424499512 -15.678967475891113
13.505755424499512 -15.349604606628418
14.18001937866211 -17.593154907226562
14.18001937866211 -17.190629959106445
14.808099746704102 -18.91429328918457
14.808099746704102 -18.698448181152344
13.873543739318848 -17.494815826416016
13.873543739318848 -17.29985809326172
11.224141120910645 -15.682567596435547
11.224141120910645 -15.467028617858887
11.351301193237305 -12.466531753540039
11.351301193237305 -12.132967948913574
10.032000541687012 -11.12292194366455
10.032000541687012 -10.975614547729492
9.980287551879883 -10.506925582885742
9.980287551879883 -10.098897933959961
9.453465461730957 -10.05100154876709
9.453465461730957 -9.595114707946777
9.514755249023438 -9.843053817749023
9.514755249023438 -9.338752746582031
9.758712768554688 -9.848724365234375
9.758712768554688 -9.14197063446045
10.91405963897705 -11.133950233459473
10.91405963897705 -10.535358428955078
11.097192764282227 -9.637937545776367
11.097192764282227 -9.113527297973633
12.05741024017334 -10.266414642333984
12.05741024017334 -9.535932540893555
13.417329788208008 -8.073258399963379
13.417329788208008 -7.398564338684082
14.017629623413086 -8.853522300720215
14.017629623413086 -8.230066299438477
13.084473609924316 -8.417407989501953
13.084473609924316 -7.833102226257324
13.011829376220703 -8.798233985900879
13.011829376220703 -8.016397476196289
12.132503509521484 -8.043794631958008
12.132503509521484 -7.567536354064941
11.870347023010254 -7.697474002838135
11.870347023010254 -7.214023590087891
10.176916122436523 -7.686594009399414
10.176916122436523 -7.073042392730713
10.721847534179688 -8.946775436401367
10.721847534179688 -8.070722579956055
10.34042739868164 -7.892109394073486
10.34042739868164 -6.981616020202637
10.840021133422852 -7.7653913497924805
10.840021133422852 -6.739531517028809
11.510028839111328 -9.030920028686523
11.510028839111328 -8.248889923095703
11.58397102355957 -8.927648544311523
11.58397102355957 -8.538003921508789
10.945277214050293 -8.795560836791992
10.945277214050293 -8.713602066040039
10.314931869506836 -10.038187980651855
10.314931869506836 -9.68289566040039
9.482138633728027 -12.326184272766113
9.482138633728027 -12.509182929992676
9.060480117797852 -11.987499237060547
9.060480117797852 -11.846453666687012
8.933932304382324 -11.575848579406738
8.933932304382324 -11.46435832977295
8.739496231079102 -12.170763969421387
8.739496231079102 -12.277070999145508
8.348093032836914 -10.359347343444824
8.348093032836914 -10.305163383483887
8.331586837768555 -9.025691986083984
8.331586837768555 -9.052595138549805
8.510211944580078 -8.739171981811523
8.510211944580078 -8.7208890914917
7.395732402801514 -6.750482082366943
7.395732402801514 -6.483231544494629
6.76535177230835 -6.353893280029297
6.76535177230835 -6.241846561431885
6.9847822189331055 -7.468628883361816
6.9847822189331055 -7.1718878746032715
7.0108642578125 -7.089336395263672
7.0108642578125 -6.496549606323242
7.008869647979736 -6.586878776550293
7.008869647979736 -6.1650848388671875
8.235960960388184 -7.295086860656738
8.235960960388184 -6.930222988128662
8.078409194946289 -8.744519233703613
8.078409194946289 -8.032548904418945
8.706439018249512 -9.735859870910645
8.706439018249512 -8.754531860351562
9.690762519836426 -9.752121925354004
9.690762519836426 -8.768868446350098
10.105347633361816 -9.736863136291504
10.105347633361816 -8.757938385009766
10.0272216796875 -10.848278999328613
10.0272216796875 -9.872074127197266
10.118328094482422 -9.68917179107666
10.118328094482422 -8.782670974731445
9.630916595458984 -9.25743293762207
9.630916595458984 -8.781915664672852
9.959102630615234 -9.481302261352539
9.959102630615234 -8.827396392822266
9.792729377746582 -6.658794403076172
9.792729377746582 -5.749938011169434
